1.0000000e+01	0.0000000e+00	0.0000000e+00	0.0000000e+00	0.0000000e+00	0.0000000e+00	0.0000000e+00	0.0000000e+00	0.0000000e+00	0.0000000e+00	0.0000000e+00	0.0000000e+00	0.0000000e+00	0.0000000e+00	0.0000000e+00	0.0000000e+00	0.0000000e+00	0.0000000e+00	0.0000000e+00	0.0000000e+00	0.0000000e+00	0.0000000e+00	0.0000000e+00	0.0000000e+00	0.0000000e+00	0.0000000e+00	
1.0481131e+01	0.0000000e+00	0.0000000e+00	0.0000000e+00	0.0000000e+00	0.0000000e+00	0.0000000e+00	0.0000000e+00	0.0000000e+00	0.0000000e+00	0.0000000e+00	0.0000000e+00	0.0000000e+00	0.0000000e+00	0.0000000e+00	0.0000000e+00	0.0000000e+00	0.0000000e+00	0.0000000e+00	0.0000000e+00	0.0000000e+00	0.0000000e+00	0.0000000e+00	0.0000000e+00	0.0000000e+00	0.0000000e+00	
1.0985411e+01	0.0000000e+00	0.0000000e+00	0.0000000e+00	0.0000000e+00	0.0000000e+00	0.0000000e+00	0.0000000e+00	0.0000000e+00	0.0000000e+00	0.0000000e+00	0.0000000e+00	0.0000000e+00	0.0000000e+00	0.0000000e+00	0.0000000e+00	0.0000000e+00	0.0000000e+00	0.0000000e+00	0.0000000e+00	0.0000000e+00	0.0000000e+00	0.0000000e+00	0.0000000e+00	0.0000000e+00	0.0000000e+00	
1.1513954e+01	0.0000000e+00	0.0000000e+00	0.0000000e+00	0.0000000e+00	0.0000000e+00	0.0000000e+00	0.0000000e+00	0.0000000e+00	0.0000000e+00	0.0000000e+00	0.0000000e+00	0.0000000e+00	0.0000000e+00	0.0000000e+00	0.0000000e+00	0.0000000e+00	0.0000000e+00	0.0000000e+00	0.0000000e+00	0.0000000e+00	0.0000000e+00	0.0000000e+00	0.0000000e+00	0.0000000e+00	0.0000000e+00	
1.2067926e+01	0.0000000e+00	0.0000000e+00	0.0000000e+00	0.0000000e+00	0.0000000e+00	0.0000000e+00	0.0000000e+00	0.0000000e+00	0.0000000e+00	0.0000000e+00	0.0000000e+00	0.0000000e+00	0.0000000e+00	0.0000000e+00	0.0000000e+00	0.0000000e+00	0.0000000e+00	0.0000000e+00	0.0000000e+00	0.0000000e+00	0.0000000e+00	0.0000000e+00	0.0000000e+00	0.0000000e+00	0.0000000e+00	
1.2648552e+01	0.0000000e+00	0.0000000e+00	0.0000000e+00	0.0000000e+00	0.0000000e+00	0.0000000e+00	0.0000000e+00	0.0000000e+00	0.0000000e+00	0.0000000e+00	0.0000000e+00	0.0000000e+00	0.0000000e+00	0.0000000e+00	0.0000000e+00	0.0000000e+00	0.0000000e+00	0.0000000e+00	0.0000000e+00	0.0000000e+00	0.0000000e+00	0.0000000e+00	0.0000000e+00	0.0000000e+00	0.0000000e+00
1.2996300e+01	0.0000000e+00	0.0000000e+00	0.0000000e+00	0.0000000e+00	0.0000000e+00	0.0000000e+00	0.0000000e+00	0.0000000e+00	0.0000000e+00	0.0000000e+00	0.0000000e+00	0.0000000e+00	0.0000000e+00	0.0000000e+00	0.0000000e+00	0.0000000e+00	0.0000000e+00	0.0000000e+00	0.0000000e+00	0.0000000e+00	0.0000000e+00	0.0000000e+00	0.0000000e+00	0.0000000e+00	0.0000000e+00	
1.3257114e+01	1.1848941e-18	1.1807061e-18	0.0000000e+00	0.0000000e+00	0.0000000e+00	0.0000000e+00	0.0000000e+00	0.0000000e+00	0.0000000e+00	0.0000000e+00	0.0000000e+00	0.0000000e+00	0.0000000e+00	0.0000000e+00	0.0000000e+00	0.0000000e+00	0.0000000e+00	0.0000000e+00	0.0000000e+00	0.0000000e+00	0.0000000e+00	0.0000000e+00	0.0000000e+00	0.0000000e+00	0.0000000e+00	
1.3894955e+01	4.2082057e-18	4.2036915e-18	0.0000000e+00	0.0000000e+00	0.0000000e+00	0.0000000e+00	0.0000000e+00	0.0000000e+00	0.0000000e+00	0.0000000e+00	0.0000000e+00	0.0000000e+00	0.0000000e+00	0.0000000e+00	0.0000000e+00	0.0000000e+00	0.0000000e+00	0.0000000e+00	0.0000000e+00	0.0000000e+00	0.0000000e+00	0.0000000e+00	0.0000000e+00	0.0000000e+00	0.0000000e+00	
1.4563485e+01	7.4988233e-18	7.4940593e-18	8.5644746e-19	0.0000000e+00	0.0000000e+00	0.0000000e+00	0.0000000e+00	0.0000000e+00	0.0000000e+00	0.0000000e+00	0.0000000e+00	0.0000000e+00	0.0000000e+00	0.0000000e+00	0.0000000e+00	0.0000000e+00	0.0000000e+00	0.0000000e+00	0.0000000e+00	0.0000000e+00	0.0000000e+00	0.0000000e+00	0.0000000e+00	0.0000000e+00	0.0000000e+00	
1.5264180e+01	1.1008011e-17	1.1003062e-17	3.3331244e-18	1.1937017e-19	0.0000000e+00	0.0000000e+00	0.0000000e+00	0.0000000e+00	0.0000000e+00	0.0000000e+00	0.0000000e+00	0.0000000e+00	0.0000000e+00	0.0000000e+00	0.0000000e+00	0.0000000e+00	0.0000000e+00	0.0000000e+00	0.0000000e+00	0.0000000e+00	0.0000000e+00	0.0000000e+00	0.0000000e+00	0.0000000e+00	0.0000000e+00	
1.5998587e+01	1.4692179e-17	1.4687100e-17	6.0312728e-18	2.2782361e-18	0.0000000e+00	0.0000000e+00	0.0000000e+00	0.0000000e+00	0.0000000e+00	0.0000000e+00	0.0000000e+00	0.0000000e+00	0.0000000e+00	0.0000000e+00	0.0000000e+00	0.0000000e+00	0.0000000e+00	0.0000000e+00	0.0000000e+00	0.0000000e+00	0.0000000e+00	0.0000000e+00	0.0000000e+00	0.0000000e+00	0.0000000e+00	
1.6768329e+01	1.8512210e-17	1.8507047e-17	8.9101002e-18	4.6479371e-18	2.0164466e-18	2.0068964e-18	0.0000000e+00	0.0000000e+00	0.0000000e+00	0.0000000e+00	0.0000000e+00	0.0000000e+00	0.0000000e+00	0.0000000e+00	0.0000000e+00	0.0000000e+00	0.0000000e+00	0.0000000e+00	0.0000000e+00	0.0000000e+00	0.0000000e+00	0.0000000e+00	0.0000000e+00	0.0000000e+00	0.0000000e+00	
1.7575106e+01	2.2432884e-17	2.2427674e-17	1.1933212e-17	7.1900166e-18	4.4162730e-18	4.4057729e-18	0.0000000e+00	0.0000000e+00	0.0000000e+00	0.0000000e+00	0.0000000e+00	0.0000000e+00	0.0000000e+00	0.0000000e+00	0.0000000e+00	0.0000000e+00	0.0000000e+00	0.0000000e+00	0.0000000e+00	0.0000000e+00	0.0000000e+00	0.0000000e+00	0.0000000e+00	0.0000000e+00	0.0000000e+00	
1.8420700e+01	2.6422397e-17	2.6417173e-17	1.5068036e-17	9.8702430e-18	6.9919889e-18	6.9806716e-18	1.7937162e-18	1.7845161e-18	0.0000000e+00	0.0000000e+00	0.0000000e+00	0.0000000e+00	0.0000000e+00	0.0000000e+00	0.0000000e+00	0.0000000e+00	0.0000000e+00	0.0000000e+00	0.0000000e+00	0.0000000e+00	0.0000000e+00	0.0000000e+00	0.0000000e+00	0.0000000e+00	0.0000000e+00	
1.9306977e+01	3.0451959e-17	3.0446747e-17	1.8285336e-17	1.2658059e-17	9.7069865e-18	9.6949667e-18	3.9121307e-18	3.9017320e-18	7.8489693e-19	0.0000000e+00	0.0000000e+00	0.0000000e+00	0.0000000e+00	0.0000000e+00	0.0000000e+00	0.0000000e+00	0.0000000e+00	0.0000000e+00	0.0000000e+00	0.0000000e+00	0.0000000e+00	0.0000000e+00	0.0000000e+00	0.0000000e+00	0.0000000e+00	
2.0235896e+01	3.4495458e-17	3.4490280e-17	2.1558796e-17	1.5526108e-17	1.2528672e-17	1.2516049e-17	6.1823480e-18	6.1708598e-18	2.5638619e-18	0.0000000e+00	0.0000000e+00	0.0000000e+00	0.0000000e+00	0.0000000e+00	0.0000000e+00	0.0000000e+00	0.0000000e+00	0.0000000e+00	0.0000000e+00	0.0000000e+00	0.0000000e+00	0.0000000e+00	0.0000000e+00	0.0000000e+00	0.0000000e+00	
2.1209509e+01	3.8529183e-17	3.8524055e-17	2.4864671e-17	1.8449838e-17	1.5427959e-17	1.5414818e-17	8.5714929e-18	8.5590128e-18	4.4890790e-18	8.0781985e-19	7.9467388e-19	0.0000000e+00	0.0000000e+00	0.0000000e+00	0.0000000e+00	0.0000000e+00	0.0000000e+00	0.0000000e+00	0.0000000e+00	0.0000000e+00	0.0000000e+00	0.0000000e+00	0.0000000e+00	0.0000000e+00	0.0000000e+00	
2.2229965e+01	4.2531588e-17	4.2526523e-17	2.8181499e-17	2.1407160e-17	1.8378831e-17	1.8365246e-17	1.1050370e-17	1.1036986e-17	6.5300955e-18	2.4817654e-18	2.4670376e-18	0.0000000e+00	0.0000000e+00	0.0000000e+00	0.0000000e+00	0.0000000e+00	0.0000000e+00	0.0000000e+00	0.0000000e+00	0.0000000e+00	0.0000000e+00	0.0000000e+00	0.0000000e+00	0.0000000e+00	0.0000000e+00	
2.3299518e+01	4.6483103e-17	4.6478112e-17	3.1489852e-17	2.4378160e-17	2.1357977e-17	2.1344014e-17	1.3593001e-17	1.3578793e-17	8.6599231e-18	4.2869467e-18	4.2708379e-18	0.0000000e+00	0.0000000e+00	0.0000000e+00	0.0000000e+00	0.0000000e+00	0.0000000e+00	0.0000000e+00	0.0000000e+00	0.0000000e+00	0.0000000e+00	0.0000000e+00	0.0000000e+00	0.0000000e+00	0.0000000e+00	
2.4420531e+01	5.0365976e-17	5.0361065e-17	3.4772132e-17	2.7344863e-17	2.4344481e-17	2.4330194e-17	1.6176232e-17	1.6161271e-17	1.0854600e-17	6.1941938e-18	6.1768785e-18	1.5105167e-19	0.0000000e+00	0.0000000e+00	0.0000000e+00	0.0000000e+00	0.0000000e+00	0.0000000e+00	0.0000000e+00	0.0000000e+00	0.0000000e+00	0.0000000e+00	0.0000000e+00	0.0000000e+00	0.0000000e+00	
2.5595479e+01	5.4164138e-17	5.4159311e-17	3.8012400e-17	3.0291029e-17	2.7319555e-17	2.7304994e-17	1.8779392e-17	1.8763746e-17	1.3092816e-17	8.1777312e-18	8.1593614e-18	1.4233743e-18	0.0000000e+00	0.0000000e+00	0.0000000e+00	0.0000000e+00	0.0000000e+00	0.0000000e+00	0.0000000e+00	0.0000000e+00	0.0000000e+00	0.0000000e+00	0.0000000e+00	0.0000000e+00	0.0000000e+00	
2.6826958e+01	5.7863092e-17	5.7858353e-17	4.1196238e-17	3.3201980e-17	3.0266322e-17	3.0251529e-17	2.1384014e-17	2.1367743e-17	1.5355591e-17	1.0214755e-17	1.0195463e-17	2.8063653e-18	0.0000000e+00	0.0000000e+00	0.0000000e+00	0.0000000e+00	0.0000000e+00	0.0000000e+00	0.0000000e+00	0.0000000e+00	0.0000000e+00	0.0000000e+00	0.0000000e+00	0.0000000e+00	0.0000000e+00	
2.8117687e+01	6.1449820e-17	6.1445168e-17	4.4310621e-17	3.6064467e-17	3.3169627e-17	3.3154640e-17	2.3973585e-17	2.3956747e-17	1.7626002e-17	1.2285068e-17	1.2264971e-17	4.2752632e-18	0.0000000e+00	0.0000000e+00	0.0000000e+00	0.0000000e+00	0.0000000e+00	0.0000000e+00	0.0000000e+00	0.0000000e+00	0.0000000e+00	0.0000000e+00	0.0000000e+00	0.0000000e+00	0.0000000e+00	
2.9470517e+01	6.4912698e-17	6.4908133e-17	4.7343823e-17	3.8866542e-17	3.6015882e-17	3.6000733e-17	2.6533344e-17	2.6515992e-17	1.9888947e-17	1.4370772e-17	1.4349970e-17	5.8082716e-18	0.0000000e+00	0.0000000e+00	0.0000000e+00	0.0000000e+00	0.0000000e+00	0.0000000e+00	0.0000000e+00	0.0000000e+00	0.0000000e+00	0.0000000e+00	0.0000000e+00	0.0000000e+00	0.0000000e+00	
3.0888436e+01	6.8241427e-17	6.8236945e-17	5.0285330e-17	4.1597463e-17	3.8792932e-17	3.8777649e-17	2.9050109e-17	2.9032292e-17	2.2130948e-17	1.6455992e-17	1.6434576e-17	7.3861921e-18	0.0000000e+00	0.0000000e+00	0.0000000e+00	0.0000000e+00	0.0000000e+00	0.0000000e+00	0.0000000e+00	0.0000000e+00	0.0000000e+00	0.0000000e+00	0.0000000e+00	0.0000000e+00	0.0000000e+00	
3.2374575e+01	7.1426964e-17	7.1422562e-17	5.3125764e-17	4.4247606e-17	4.1489943e-17	4.1474552e-17	3.1512127e-17	3.1493893e-17	2.4339984e-17	1.8526656e-17	1.8504705e-17	8.9921063e-18	0.0000000e+00	0.0000000e+00	0.0000000e+00	0.0000000e+00	0.0000000e+00	0.0000000e+00	0.0000000e+00	0.0000000e+00	0.0000000e+00	0.0000000e+00	0.0000000e+00	0.0000000e+00	0.0000000e+00	
3.3932218e+01	7.4461468e-17	7.4457141e-17	5.5856821e-17	4.6808394e-17	4.4097306e-17	4.4081829e-17	3.3908950e-17	3.3890344e-17	2.6505347e-17	2.0570295e-17	2.0547880e-17	1.0611102e-17	0.0000000e+00	0.0000000e+00	0.0000000e+00	0.0000000e+00	0.0000000e+00	0.0000000e+00	0.0000000e+00	0.0000000e+00	0.0000000e+00	0.0000000e+00	0.0000000e+00	0.0000000e+00	0.0000000e+00	
3.5564803e+01	7.7338241e-17	7.7333983e-17	5.8471214e-17	4.9272230e-17	4.6606557e-17	4.6591013e-17	3.6231330e-17	3.6212394e-17	2.8617520e-17	2.2575880e-17	2.2553063e-17	1.2230035e-17	0.0000000e+00	0.0000000e+00	0.0000000e+00	0.0000000e+00	0.0000000e+00	0.0000000e+00	0.0000000e+00	0.0000000e+00	0.0000000e+00	0.0000000e+00	0.0000000e+00	0.0000000e+00	0.0000000e+00	
3.7275937e+01	8.0051674e-17	8.0047480e-17	6.0962617e-17	5.1632448e-17	4.9010299e-17	4.8994705e-17	3.8471127e-17	3.8451902e-17	3.0668074e-17	2.4533676e-17	2.4510513e-17	1.3837328e-17	5.6617441e-19	0.0000000e+00	0.0000000e+00	0.0000000e+00	0.0000000e+00	0.0000000e+00	0.0000000e+00	0.0000000e+00	0.0000000e+00	0.0000000e+00	0.0000000e+00	0.0000000e+00	0.0000000e+00	
3.9069399e+01	8.2597198e-17	8.2593061e-17	6.3325624e-17	5.3883254e-17	5.1302142e-17	5.1286514e-17	4.0621228e-17	4.0601753e-17	3.2649581e-17	2.6435124e-17	2.6411666e-17	1.5422797e-17	1.2223135e-18	2.7224152e-19	2.7211218e-19	0.0000000e+00	0.0000000e+00	0.0000000e+00	0.0000000e+00	0.0000000e+00	0.0000000e+00	0.0000000e+00	0.0000000e+00	0.0000000e+00	0.0000000e+00	
4.0949151e+01	8.4971232e-17	8.4967144e-17	6.5555701e-17	5.6019690e-17	5.3476645e-17	5.3460997e-17	4.2675480e-17	4.2655792e-17	3.4555536e-17	2.8272734e-17	2.8249027e-17	1.6977496e-17	1.9207928e-18	8.6043621e-19	8.6028740e-19	2.0726101e-19	0.0000000e+00	0.0000000e+00	0.0000000e+00	0.0000000e+00	0.0000000e+00	0.0000000e+00	0.0000000e+00	0.0000000e+00	0.0000000e+00	
4.2919343e+01	8.7171132e-17	8.7167087e-17	6.7649141e-17	5.8037582e-17	5.5529264e-17	5.5513607e-17	4.4628627e-17	4.4608762e-17	3.6380293e-17	3.0039999e-17	3.0016084e-17	1.8493596e-17	2.6506280e-18	1.4919304e-18	1.4917640e-18	7.6679086e-19	0.0000000e+00	0.0000000e+00	0.0000000e+00	0.0000000e+00	0.0000000e+00	0.0000000e+00	0.0000000e+00	0.0000000e+00	0.0000000e+00	
4.4984327e+01	8.9195144e-17	8.9191134e-17	6.9603027e-17	5.9933511e-17	5.7456298e-17	5.7440643e-17	4.6476258e-17	4.6456249e-17	3.8119005e-17	3.1731314e-17	3.1707230e-17	1.9964270e-17	3.4021935e-18	2.1557699e-18	2.1555876e-18	1.3680395e-18	0.0000000e+00	0.0000000e+00	0.0000000e+00	0.0000000e+00	0.0000000e+00	0.0000000e+00	0.0000000e+00	0.0000000e+00	0.0000000e+00	
4.7148664e+01	9.1042351e-17	9.1038368e-17	7.1415191e-17	6.1704764e-17	5.9254848e-17	5.9239206e-17	4.8214753e-17	4.8194633e-17	3.9767572e-17	3.3341910e-17	3.3317692e-17	2.1383599e-17	4.1670558e-18	2.8423732e-18	2.8421766e-18	2.0002171e-18	0.0000000e+00	0.0000000e+00	0.0000000e+00	0.0000000e+00	0.0000000e+00	0.0000000e+00	0.0000000e+00	0.0000000e+00	0.0000000e+00	
4.9417134e+01	9.2712624e-17	9.2708662e-17	7.3084170e-17	6.3349307e-17	6.0922772e-17	6.0907152e-17	4.9841236e-17	4.9821036e-17	4.1322595e-17	3.4867791e-17	3.4843471e-17	2.2746488e-17	4.9378298e-18	3.5433642e-18	3.5431545e-18	2.6539045e-18	0.0000000e+00	0.0000000e+00	0.0000000e+00	0.0000000e+00	0.0000000e+00	0.0000000e+00	0.0000000e+00	0.0000000e+00	0.0000000e+00	
5.1794747e+01	9.4206576e-17	9.4202628e-17	7.4609174e-17	6.4865742e-17	6.2458637e-17	6.2443046e-17	5.1353536e-17	5.1333286e-17	4.2781337e-17	3.6305683e-17	3.6281290e-17	2.4048600e-17	5.7080528e-18	4.2514253e-18	4.2512040e-18	3.3208860e-18	0.0000000e+00	0.0000000e+00	0.0000000e+00	0.0000000e+00	0.0000000e+00	0.0000000e+00	0.0000000e+00	0.0000000e+00	0.0000000e+00	
5.4286754e+01	9.5525508e-17	9.5521567e-17	7.5990042e-17	6.6253278e-17	6.3861683e-17	6.3846129e-17	5.2750140e-17	5.2729869e-17	4.4141677e-17	3.7652982e-17	3.7628545e-17	2.5286288e-17	6.4720766e-18	4.9601714e-18	4.9599395e-18	3.9940037e-18	0.0000000e+00	0.0000000e+00	0.0000000e+00	0.0000000e+00	0.0000000e+00	0.0000000e+00	0.0000000e+00	0.0000000e+00	0.0000000e+00	
5.6898660e+01	9.6671363e-17	9.6667423e-17	7.7227205e-17	6.7511690e-17	6.5131776e-17	6.5116267e-17	5.4030155e-17	5.4009890e-17	4.5402077e-17	3.8907713e-17	3.8883258e-17	2.6456542e-17	7.2249727e-18	5.6640384e-18	5.6637970e-18	4.6670306e-18	0.0000000e+00	0.0000000e+00	0.0000000e+00	0.0000000e+00	0.0000000e+00	0.0000000e+00	0.0000000e+00	0.0000000e+00	0.0000000e+00	
5.9636233e+01	9.7646677e-17	9.7642733e-17	7.8321649e-17	6.8641289e-17	6.6269373e-17	6.6253914e-17	5.5193269e-17	5.5173037e-17	4.6561545e-17	4.0068483e-17	4.0044034e-17	2.7556939e-17	7.9624516e-18	6.3581882e-18	6.3579384e-18	5.3345600e-18	0.0000000e+00	0.0000000e+00	0.0000000e+00	0.0000000e+00	0.0000000e+00	0.0000000e+00	0.0000000e+00	0.0000000e+00	0.0000000e+00	
6.2505519e+01	9.8454531e-17	9.8450577e-17	7.9274874e-17	6.9642888e-17	6.7275474e-17	6.7260072e-17	5.6239713e-17	5.6219537e-17	4.7619602e-17	4.1134445e-17	4.1110025e-17	2.8585601e-17	8.6807925e-18	7.0384254e-18	7.0381681e-18	5.9919102e-18	0.0000000e+00	0.0000000e+00	0.0000000e+00	0.0000000e+00	0.0000000e+00	0.0000000e+00	0.0000000e+00	0.0000000e+00	0.0000000e+00	
6.5512856e+01	9.9098505e-17	9.9094536e-17	8.0088861e-17	7.0517764e-17	6.8151590e-17	6.8136252e-17	5.7170220e-17	5.7150124e-17	4.8576247e-17	4.2105259e-17	4.2080890e-17	2.9541153e-17	9.3767825e-18	7.7011258e-18	7.7008618e-18	6.6350408e-18	0.0000000e+00	0.0000000e+00	0.0000000e+00	0.0000000e+00	0.0000000e+00	0.0000000e+00	0.0000000e+00	0.0000000e+00	0.0000000e+00	
6.8664885e+01	9.9582628e-17	9.9578641e-17	8.0766030e-17	7.1267631e-17	6.8899699e-17	6.8884431e-17	5.7985992e-17	5.7965999e-17	4.9431927e-17	4.2981059e-17	4.2956762e-17	3.0422685e-17	1.0047664e-17	8.3431738e-18	8.3429039e-18	7.2604807e-18	0.0000000e+00	0.0000000e+00	0.0000000e+00	0.0000000e+00	0.0000000e+00	0.0000000e+00	0.0000000e+00	0.0000000e+00	0.0000000e+00	
7.1968567e+01	9.9911340e-17	9.9907330e-17	8.1309209e-17	7.1894601e-17	6.9522208e-17	6.9507015e-17	5.8688664e-17	5.8668794e-17	5.0187503e-17	4.3762412e-17	4.3738205e-17	3.1229718e-17	1.0691090e-17	8.9619088e-18	8.9616339e-18	7.8652656e-18	0.0000000e+00	0.0000000e+00	0.0000000e+00	0.0000000e+00	0.0000000e+00	0.0000000e+00	0.0000000e+00	0.0000000e+00	0.0000000e+00	
7.5431201e+01	1.0008944e-16	1.0008540e-16	8.1721592e-17	7.2401155e-17	7.0021914e-17	7.0006802e-17	5.9280264e-17	5.9260537e-17	5.0844221e-17	4.4450288e-17	4.4426191e-17	3.1962173e-17	1.1305084e-17	9.5550787e-18	9.5547994e-18	8.4468837e-18	0.0000000e+00	0.0000000e+00	0.0000000e+00	0.0000000e+00	0.0000000e+00	0.0000000e+00	0.0000000e+00	0.0000000e+00	0.0000000e+00	
7.9060432e+01	1.0012205e-16	1.0011798e-16	8.2006707e-17	7.2790109e-17	7.0401967e-17	7.0386942e-17	5.9763181e-17	5.9743615e-17	5.1403680e-17	4.5046028e-17	4.5022058e-17	3.2620337e-17	1.1888006e-17	1.0120799e-17	1.0120516e-17	9.0032279e-18	0.0000000e+00	0.0000000e+00	0.0000000e+00	0.0000000e+00	0.0000000e+00	0.0000000e+00	0.0000000e+00	0.0000000e+00	0.0000000e+00	
8.2864277e+01	1.0001456e-16	1.0001047e-16	8.2168383e-17	7.3064585e-17	7.0665834e-17	7.0650902e-17	6.0140129e-17	6.0120743e-17	5.1867801e-17	4.5551309e-17	4.5527484e-17	3.3204837e-17	1.2438521e-17	1.0657516e-17	1.0657230e-17	9.5325554e-18	0.0000000e+00	0.0000000e+00	0.0000000e+00	0.0000000e+00	0.0000000e+00	0.0000000e+00	0.0000000e+00	0.0000000e+00	0.0000000e+00	
8.6851137e+01	9.9772617e-17	9.9768496e-17	8.2210713e-17	7.3227977e-17	7.0817259e-17	7.0802426e-17	6.0414115e-17	6.0394924e-17	5.2238800e-17	4.5968114e-17	4.5944449e-17	3.3716608e-17	1.2955575e-17	1.1163979e-17	1.1163691e-17	1.0033451e-17	0.0000000e+00	0.0000000e+00	0.0000000e+00	0.0000000e+00	0.0000000e+00	0.0000000e+00	0.0000000e+00	0.0000000e+00	0.0000000e+00	
9.1029818e+01	9.9402052e-17	9.9397901e-17	8.2138022e-17	7.3283921e-17	7.0860234e-17	7.0845506e-17	6.0588402e-17	6.0569422e-17	5.2519158e-17	4.6298699e-17	4.6275210e-17	3.4156867e-17	1.3438368e-17	1.1639210e-17	1.1638919e-17	1.0504795e-17	0.0000000e+00	0.0000000e+00	0.0000000e+00	0.0000000e+00	0.0000000e+00	0.0000000e+00	0.0000000e+00	0.0000000e+00	0.0000000e+00	
9.5409548e+01	9.8908864e-17	9.8904683e-17	8.1954837e-17	7.3236268e-17	7.0798960e-17	7.0784343e-17	6.0666482e-17	6.0647727e-17	5.2711591e-17	4.6545568e-17	4.6522270e-17	3.4527087e-17	1.3886338e-17	1.2082479e-17	1.2082187e-17	1.0945737e-17	0.0000000e+00	0.0000000e+00	0.0000000e+00	0.0000000e+00	0.0000000e+00	0.0000000e+00	0.0000000e+00	0.0000000e+00	0.0000000e+00	
1.0000000e+02	9.8299179e-17	9.8294969e-17	8.1665853e-17	7.3089053e-17	7.0637817e-17	7.0623317e-17	6.0652040e-17	6.0633524e-17	5.2819023e-17	4.6711438e-17	4.6688345e-17	3.4828971e-17	1.4299134e-17	1.2493284e-17	1.2492992e-17	1.1355668e-17	0.0000000e+00	0.0000000e+00	0.0000000e+00	0.0000000e+00	0.0000000e+00	0.0000000e+00	0.0000000e+00	0.0000000e+00	0.0000000e+00	
1.0481131e+02	9.7579215e-17	9.7574977e-17	8.1275907e-17	7.2846468e-17	7.0381330e-17	7.0366953e-17	6.0548927e-17	6.0530661e-17	5.2844561e-17	4.6799215e-17	4.6776341e-17	3.5064425e-17	1.4676606e-17	1.2871331e-17	1.2871038e-17	1.1734200e-17	0.0000000e+00	0.0000000e+00	0.0000000e+00	0.0000000e+00	0.0000000e+00	0.0000000e+00	0.0000000e+00	0.0000000e+00	0.0000000e+00	
1.0985411e+02	9.6755250e-17	9.6750987e-17	8.0789947e-17	7.2512836e-17	7.0034141e-17	7.0019894e-17	6.0361130e-17	6.0343125e-17	5.2791466e-17	4.6811964e-17	4.6789322e-17	3.5235539e-17	1.5018785e-17	1.3216515e-17	1.3216223e-17	1.2081146e-17	0.0000000e+00	0.0000000e+00	0.0000000e+00	0.0000000e+00	0.0000000e+00	0.0000000e+00	0.0000000e+00	0.0000000e+00	0.0000000e+00	
1.1513954e+02	9.5833596e-17	9.5829309e-17	8.0213003e-17	7.2092582e-17	6.9600979e-17	6.9586868e-17	6.0092743e-17	6.0075010e-17	5.2663130e-17	4.6752885e-17	4.6730487e-17	3.5344555e-17	1.5325867e-17	1.3528904e-17	1.3528612e-17	1.2396501e-17	0.0000000e+00	0.0000000e+00	0.0000000e+00	0.0000000e+00	0.0000000e+00	0.0000000e+00	0.0000000e+00	0.0000000e+00	0.0000000e+00	
1.2067926e+02	9.4820562e-17	9.4816255e-17	7.9550165e-17	7.1590211e-17	6.9086634e-17	6.9072665e-17	5.9747942e-17	5.9730490e-17	5.2463050e-17	4.6625286e-17	4.6603146e-17	3.5393854e-17	1.5598203e-17	1.3808723e-17	1.3808432e-17	1.2680422e-17	0.0000000e+00	0.0000000e+00	0.0000000e+00	0.0000000e+00	0.0000000e+00	0.0000000e+00	0.0000000e+00	0.0000000e+00	0.0000000e+00	
1.2648552e+02	9.3722435e-17	9.3718110e-17	7.8806556e-17	7.1010285e-17	6.8495928e-17	6.8482108e-17	5.9330961e-17	5.9313798e-17	5.2194808e-17	4.6432562e-17	4.6410689e-17	3.5385929e-17	1.5836280e-17	1.4056341e-17	1.4056052e-17	1.2933220e-17	0.0000000e+00	0.0000000e+00	0.0000000e+00	0.0000000e+00	0.0000000e+00	0.0000000e+00	0.0000000e+00	0.0000000e+00	0.0000000e+00	
1.3257114e+02	9.2545451e-17	9.2541112e-17	7.7987307e-17	7.0357396e-17	6.7833696e-17	6.7820030e-17	5.8846064e-17	5.8829199e-17	5.1862043e-17	4.6178168e-17	4.6156574e-17	3.5323363e-17	1.6040714e-17	1.4272257e-17	1.4271970e-17	1.3155336e-17	0.0000000e+00	0.0000000e+00	0.0000000e+00	0.0000000e+00	0.0000000e+00	0.0000000e+00	0.0000000e+00	0.0000000e+00	0.0000000e+00	
1.3894955e+02	9.1295772e-17	9.1291422e-17	7.7097538e-17	6.9636150e-17	6.7104757e-17	6.7091252e-17	5.8297530e-17	5.8280968e-17	5.1468437e-17	4.5865601e-17	4.5844296e-17	3.5208815e-17	1.6212233e-17	1.4457087e-17	1.4456802e-17	1.3347335e-17	0.0000000e+00	0.0000000e+00	0.0000000e+00	0.0000000e+00	0.0000000e+00	0.0000000e+00	0.0000000e+00	0.0000000e+00	0.0000000e+00	
1.4563485e+02	8.9979464e-17	8.9975107e-17	7.6142333e-17	6.8851142e-17	6.6313897e-17	6.6300559e-17	5.7689624e-17	5.7673371e-17	5.1017690e-17	4.5498378e-17	4.5477372e-17	3.5044997e-17	1.6351667e-17	1.4611551e-17	1.4611268e-17	1.3509889e-17	0.0000000e+00	0.0000000e+00	0.0000000e+00	0.0000000e+00	0.0000000e+00	0.0000000e+00	0.0000000e+00	0.0000000e+00	0.0000000e+00	
1.5264180e+02	8.8602479e-17	8.8598120e-17	7.5126725e-17	6.8006940e-17	6.5465849e-17	6.5452684e-17	5.7026583e-17	5.7010645e-17	5.0513503e-17	4.5080020e-17	4.5059321e-17	3.4834656e-17	1.6459938e-17	1.4736463e-17	1.4736184e-17	1.3643764e-17	1.0467142e-20	1.0466704e-20	1.0450159e-20	0.0000000e+00	0.0000000e+00	0.0000000e+00	0.0000000e+00	0.0000000e+00	0.0000000e+00	
1.5998587e+02	8.7170637e-17	8.7166280e-17	7.4055675e-17	6.7108066e-17	6.4565275e-17	6.4552288e-17	5.6312597e-17	5.6296978e-17	4.9959563e-17	4.4614029e-17	4.4593647e-17	3.4580562e-17	1.6538048e-17	1.4832721e-17	1.4832444e-17	1.3749814e-17	4.2304069e-20	4.2303565e-20	4.2278558e-20	0.0000000e+00	0.0000000e+00	0.0000000e+00	0.0000000e+00	0.0000000e+00	0.0000000e+00	
1.6768329e+02	8.5689608e-17	8.5685257e-17	7.2934056e-17	6.6158982e-17	6.3616748e-17	6.3603945e-17	5.5551793e-17	5.5536496e-17	4.9359522e-17	4.4103880e-17	4.4083822e-17	3.4285486e-17	1.6587068e-17	1.4901292e-17	1.4901018e-17	1.3828962e-17	7.6707343e-20	7.6706779e-20	7.6673169e-20	0.0000000e+00	0.0000000e+00	0.0000000e+00	0.0000000e+00	0.0000000e+00	0.0000000e+00	
1.7575106e+02	8.4164900e-17	8.4160560e-17	7.1766641e-17	6.5164070e-17	6.2624741e-17	6.2612127e-17	5.4748220e-17	5.4733247e-17	4.8716989e-17	4.3552998e-17	4.3533273e-17	3.3952194e-17	1.6608128e-17	1.4943205e-17	1.4942936e-17	1.3882196e-17	1.1306578e-19	1.1306516e-19	1.1302292e-19	0.0000000e+00	0.0000000e+00	0.0000000e+00	0.0000000e+00	0.0000000e+00	0.0000000e+00	
1.8420700e+02	8.2601846e-17	8.2597521e-17	7.0558082e-17	6.4127622e-17	6.1593609e-17	6.1581190e-17	5.3905836e-17	5.3891190e-17	4.8035510e-17	4.2964753e-17	4.2945365e-17	3.3583425e-17	1.6602410e-17	1.4959544e-17	1.4959279e-17	1.3910557e-17	1.5084585e-19	1.5084519e-19	1.5079439e-19	0.0000000e+00	0.0000000e+00	0.0000000e+00	0.0000000e+00	0.0000000e+00	0.0000000e+00	
1.9306977e+02	8.1005590e-17	8.1001285e-17	6.9312907e-17	6.3053828e-17	6.0527584e-17	6.0515364e-17	5.3028494e-17	5.3014176e-17	4.7318561e-17	4.2342439e-17	4.2323396e-17	3.3181885e-17	1.6571134e-17	1.4951433e-17	1.4951171e-17	1.3915129e-17	1.8958219e-19	1.8958148e-19	1.8952229e-19	0.0000000e+00	0.0000000e+00	0.0000000e+00	0.0000000e+00	0.0000000e+00	0.0000000e+00	
2.0235896e+02	7.9381085e-17	7.9376803e-17	6.8035503e-17	6.1946762e-17	5.9430757e-17	5.9418740e-17	5.2119936e-17	5.2105948e-17	4.6569531e-17	4.1689272e-17	4.1670579e-17	3.2750236e-17	1.6515554e-17	1.4920030e-17	1.4919773e-17	1.3897030e-17	2.2886923e-19	2.2886849e-19	2.2880113e-19	0.0000000e+00	0.0000000e+00	0.0000000e+00	0.0000000e+00	0.0000000e+00	0.0000000e+00	
2.1209509e+02	7.7733077e-17	7.7728824e-17	6.6730108e-17	6.0810373e-17	5.8307077e-17	5.8295268e-17	5.1183782e-17	5.1170123e-17	4.5791720e-17	4.1008376e-17	4.0990038e-17	3.2291084e-17	1.6436945e-17	1.4866521e-17	1.4866268e-17	1.3857404e-17	2.6835392e-19	2.6835314e-19	2.6827790e-19	8.6835405e-21	0.0000000e+00	0.0000000e+00	0.0000000e+00	0.0000000e+00	0.0000000e+00	
2.2229965e+02	7.6066104e-17	7.6061884e-17	6.5400803e-17	5.9648479e-17	5.7160338e-17	5.7148741e-17	5.0223520e-17	5.0210190e-17	4.4988326e-17	4.0302774e-17	4.0284796e-17	3.1806969e-17	1.6336601e-17	1.4792107e-17	1.4791859e-17	1.3797414e-17	3.0772922e-19	3.0772841e-19	3.0764563e-19	2.7987951e-20	0.0000000e+00	0.0000000e+00	0.0000000e+00	0.0000000e+00	0.0000000e+00	
2.3299518e+02	7.4384493e-17	7.4380309e-17	6.4051508e-17	5.8464756e-17	5.5994179e-17	5.5982797e-17	4.9242504e-17	4.9229503e-17	4.4162436e-17	3.9575387e-17	3.9557771e-17	3.1300362e-17	1.6215820e-17	1.4698003e-17	1.4697759e-17	1.3718234e-17	3.4672856e-19	3.4672772e-19	3.4663779e-19	4.8717500e-20	0.0000000e+00	0.0000000e+00	0.0000000e+00	0.0000000e+00	0.0000000e+00	
2.4420531e+02	7.2692350e-17	7.2688207e-17	6.2685971e-17	5.7262734e-17	5.4812074e-17	5.4800910e-17	4.8243947e-17	4.8231272e-17	4.3317025e-17	3.8829021e-17	3.8811770e-17	3.0773657e-17	1.6075905e-17	1.4585425e-17	1.4585185e-17	1.3621041e-17	3.8512091e-19	3.8512005e-19	3.8502338e-19	7.0503200e-20	0.0000000e+00	0.0000000e+00	0.0000000e+00	0.0000000e+00	0.0000000e+00	
2.5595479e+02	7.0993567e-17	7.0989468e-17	6.1307771e-17	5.6045793e-17	5.3617330e-17	5.3606387e-17	4.7230914e-17	4.7218564e-17	4.2454947e-17	3.8066367e-17	3.8049484e-17	3.0229161e-17	1.5918151e-17	1.4455586e-17	1.4455352e-17	1.3507010e-17	4.2270651e-19	4.2270563e-19	4.2260266e-19	9.3024000e-20	0.0000000e+00	0.0000000e+00	0.0000000e+00	0.0000000e+00	0.0000000e+00	
2.6826958e+02	6.9291813e-17	6.9287763e-17	5.9920306e-17	5.4817155e-17	5.2413089e-17	5.2402369e-17	4.6206325e-17	4.6194298e-17	4.1578932e-17	3.7289997e-17	3.7273484e-17	2.9669097e-17	1.5743843e-17	1.4309695e-17	1.4309465e-17	1.3377309e-17	4.5931317e-19	4.5931226e-19	4.5920347e-19	1.1600095e-19	0.0000000e+00	0.0000000e+00	0.0000000e+00	0.0000000e+00	0.0000000e+00	
2.8117687e+02	6.7590542e-17	6.7586543e-17	5.8526801e-17	5.3579886e-17	5.1202321e-17	5.1191825e-17	4.5172949e-17	4.5161242e-17	4.0691583e-17	3.6502359e-17	3.6486217e-17	2.9095594e-17	1.5554251e-17	1.4148941e-17	1.4148717e-17	1.3233090e-17	4.9479305e-19	4.9479213e-19	4.9467798e-19	1.3919207e-19	0.0000000e+00	0.0000000e+00	0.0000000e+00	0.0000000e+00	0.0000000e+00	
2.9470517e+02	6.5892988e-17	6.5889043e-17	5.7130301e-17	5.2336891e-17	4.9987826e-17	4.9977558e-17	4.4133404e-17	4.4122015e-17	3.9795376e-17	3.5705779e-17	3.5690009e-17	2.8510686e-17	1.5350619e-17	1.3974499e-17	1.3974280e-17	1.3075491e-17	5.2901989e-19	5.2901895e-19	5.2889994e-19	1.6238783e-19	0.0000000e+00	0.0000000e+00	0.0000000e+00	0.0000000e+00	0.0000000e+00	
3.0888436e+02	6.4202173e-17	6.4198286e-17	5.5733670e-17	5.1090915e-17	4.8772239e-17	4.8762198e-17	4.3090160e-17	4.3079084e-17	3.8892654e-17	3.4902457e-17	3.4887058e-17	2.7916311e-17	1.5134169e-17	1.3787519e-17	1.3787305e-17	1.2905622e-17	5.6188657e-19	5.6188562e-19	5.6176225e-19	1.8540723e-19	0.0000000e+00	0.0000000e+00	0.0000000e+00	0.0000000e+00	0.0000000e+00	
3.2374575e+02	6.2520906e-17	6.2517079e-17	5.4339597e-17	4.9844542e-17	4.7558024e-17	4.7548212e-17	4.2045534e-17	4.2034768e-17	3.7985631e-17	3.4094469e-17	3.4079441e-17	2.7314310e-17	1.4906091e-17	1.3589125e-17	1.3588915e-17	1.2724571e-17	5.9330308e-19	5.9330212e-19	5.9317488e-19	2.0809428e-19	0.0000000e+00	0.0000000e+00	0.0000000e+00	0.0000000e+00	0.0000000e+00	
3.3932218e+02	6.0851792e-17	6.0848028e-17	5.2950594e-17	4.8600196e-17	4.6347482e-17	4.6337898e-17	4.1001697e-17	4.0991237e-17	3.7076392e-17	3.3283765e-17	3.3269107e-17	2.6706424e-17	1.4667542e-17	1.3380408e-17	1.3380203e-17	1.2533394e-17	6.2319469e-19	6.2319372e-19	6.2306310e-19	2.3031504e-19	0.0000000e+00	0.0000000e+00	0.0000000e+00	0.0000000e+00	0.0000000e+00	
3.5564803e+02	5.9197232e-17	5.9193533e-17	5.1569002e-17	4.7360143e-17	4.5142752e-17	4.5133397e-17	3.9960672e-17	3.9950514e-17	3.6166890e-17	3.2472174e-17	3.2457884e-17	2.6094296e-17	1.4419642e-17	1.3162428e-17	1.3162228e-17	1.2333115e-17	6.5150038e-19	6.5149941e-19	6.5136591e-19	2.5195495e-19	0.0000000e+00	0.0000000e+00	0.0000000e+00	0.0000000e+00	0.0000000e+00	
3.7275937e+02	5.7559432e-17	5.7555800e-17	5.0196990e-17	4.6126494e-17	4.3945814e-17	4.3936687e-17	3.8924342e-17	3.8914481e-17	3.5258951e-17	3.1661403e-17	3.1647479e-17	2.5479469e-17	1.4163472e-17	1.2936208e-17	1.2936014e-17	1.2124723e-17	6.7817156e-19	6.7817058e-19	6.7803468e-19	2.7291655e-19	0.0000000e+00	0.0000000e+00	0.0000000e+00	0.0000000e+00	0.0000000e+00	
3.9069399e+02	5.5940408e-17	5.5936844e-17	4.8836560e-17	4.4901206e-17	4.2758494e-17	4.2749596e-17	3.7894447e-17	3.7884878e-17	3.4354277e-17	3.0853038e-17	3.0839478e-17	2.4863391e-17	1.3900073e-17	1.2702733e-17	1.2702544e-17	1.1909169e-17	7.0317085e-19	7.0316986e-19	7.0303203e-19	2.9311747e-19	0.0000000e+00	0.0000000e+00	0.0000000e+00	0.0000000e+00	0.0000000e+00	
4.0949151e+02	5.4341992e-17	5.4338499e-17	4.7489555e-17	4.3686086e-17	4.1582471e-17	4.1573799e-17	3.6872592e-17	3.6863311e-17	3.3454444e-17	3.0048553e-17	3.0035353e-17	2.4247413e-17	1.3630440e-17	1.2462949e-17	1.2462765e-17	1.1687366e-17	7.2647107e-19	7.2647007e-19	7.2633078e-19	3.1248870e-19	0.0000000e+00	0.0000000e+00	0.0000000e+00	0.0000000e+00	0.0000000e+00	
4.2919343e+02	5.2765839e-17	5.2762417e-17	4.6157659e-17	4.2482798e-17	4.0419275e-17	4.0410829e-17	3.5860252e-17	3.5851253e-17	3.2560912e-17	2.9249306e-17	2.9236463e-17	2.3632793e-17	1.3355527e-17	1.2217759e-17	1.2217580e-17	1.1460187e-17	7.4805439e-19	7.4805339e-19	7.4791308e-19	3.3097311e-19	0.0000000e+00	0.0000000e+00	0.0000000e+00	0.0000000e+00	0.0000000e+00	
4.4984327e+02	5.1213436e-17	5.1210087e-17	4.4842407e-17	4.1292862e-17	3.9270300e-17	3.9262078e-17	3.4858771e-17	3.4850049e-17	3.1675021e-17	2.8456546e-17	2.8444057e-17	2.3020696e-17	1.3076240e-17	1.1968025e-17	1.1967850e-17	1.1228463e-17	7.6791152e-19	7.6791052e-19	7.6776961e-19	3.4852409e-19	0.0000000e+00	0.0000000e+00	0.0000000e+00	0.0000000e+00	0.0000000e+00	
4.7148664e+02	4.9686106e-17	4.9682831e-17	4.3545184e-17	4.0117662e-17	3.8136805e-17	3.8128804e-17	3.3869373e-17	3.3860923e-17	3.0798000e-17	2.7671416e-17	2.7659276e-17	2.2412199e-17	1.2793441e-17	1.1714565e-17	1.1714396e-17	1.0992984e-17	7.8604101e-19	7.8604002e-19	7.8589891e-19	3.6510449e-19	0.0000000e+00	0.0000000e+00	0.0000000e+00	0.0000000e+00	0.0000000e+00	
4.9417134e+02	4.8185019e-17	4.8181818e-17	4.2267239e-17	3.8958452e-17	3.7019919e-17	3.7012139e-17	3.2893163e-17	3.2884979e-17	2.9930968e-17	2.6894957e-17	2.6883162e-17	2.1808291e-17	1.2507945e-17	1.1458155e-17	1.1457990e-17	1.0754498e-17	8.0244865e-19	8.0244766e-19	8.0230675e-19	3.8068553e-19	0.0000000e+00	0.0000000e+00	0.0000000e+00	0.0000000e+00	0.0000000e+00	
5.1794747e+02	4.6711197e-17	4.6708071e-17	4.1009684e-17	3.7816359e-17	3.5920652e-17	3.5913089e-17	3.1931134e-17	3.1923210e-17	2.9074940e-17	2.6128113e-17	2.6116658e-17	2.1209879e-17	1.2220519e-17	1.1199527e-17	1.1199367e-17	1.0513711e-17	8.1714687e-19	8.1714588e-19	8.1700554e-19	3.9524606e-19	0.0000000e+00	0.0000000e+00	0.0000000e+00	0.0000000e+00	0.0000000e+00	
5.4286754e+02	4.5265524e-17	4.5262474e-17	3.9773503e-17	3.6692387e-17	3.4839894e-17	3.4832546e-17	3.0984171e-17	3.0976502e-17	2.8230829e-17	2.5371734e-17	2.5360614e-17	2.0617789e-17	1.1931886e-17	1.0939369e-17	1.0939214e-17	1.0271287e-17	8.3015424e-19	8.3015326e-19	8.3001383e-19	4.0877171e-19	0.0000000e+00	0.0000000e+00	0.0000000e+00	0.0000000e+00	0.0000000e+00	
5.6898660e+02	4.3848751e-17	4.3845776e-17	3.8559558e-17	3.5587429e-17	3.3778427e-17	3.3771291e-17	3.0053057e-17	3.0045636e-17	2.7399455e-17	2.4626581e-17	2.4615790e-17	2.0032771e-17	1.1642723e-17	1.0678328e-17	1.0678178e-17	1.0027849e-17	8.4149499e-19	8.4149401e-19	8.4135582e-19	4.2125426e-19	1.2080551e-21	9.2078898e-22	9.2073728e-22	9.2063298e-22	0.0000000e+00	
5.9636233e+02	4.2461506e-17	4.2458607e-17	3.7368598e-17	3.4502264e-17	3.2736927e-17	3.2730000e-17	2.9138477e-17	2.9131299e-17	2.6581545e-17	2.3893328e-17	2.3882862e-17	1.9455500e-17	1.1353661e-17	1.0417008e-17	1.0416862e-17	9.7839774e-18	8.5119853e-19	8.5119755e-19	8.5106090e-19	4.3269107e-19	4.3477812e-21	4.0143092e-21	4.0142669e-21	4.0141425e-21	0.0000000e+00	
6.2505519e+02	4.1104301e-17	4.1101477e-17	3.6201260e-17	3.3437569e-17	3.1715972e-17	3.1709250e-17	2.8241026e-17	2.8234085e-17	2.5777739e-17	2.3172572e-17	2.3162424e-17	1.8886582e-17	1.1065289e-17	1.0155970e-17	1.0155829e-17	9.5402154e-18	8.5929903e-19	8.5929806e-19	8.5916323e-19	4.4308455e-19	7.7108923e-21	7.3358597e-21	7.3358286e-21	7.3356856e-21	0.0000000e+00	
6.5512856e+02	3.9777539e-17	3.9774789e-17	3.5058079e-17	3.2393923e-17	3.0716045e-17	3.0709526e-17	2.7361211e-17	2.7354501e-17	2.4988594e-17	2.2464832e-17	2.2454996e-17	1.8326554e-17	1.0778151e-17	9.8957363e-18	9.8955995e-18	9.2970656e-18	8.6583500e-19	8.6583404e-19	8.6570127e-19	4.5244167e-19	1.1234225e-20	1.0821843e-20	1.0821824e-20	1.0821664e-20	0.0000000e+00	
6.8664885e+02	3.8481519e-17	3.8478844e-17	3.3939492e-17	3.1371811e-17	2.9737545e-17	2.9731224e-17	2.6499459e-17	2.6492975e-17	2.4214592e-17	2.1770554e-17	2.1761025e-17	1.7775892e-17	1.0492750e-17	9.6367896e-18	9.6366571e-18	9.0549928e-18	8.7084889e-19	8.7084795e-19	8.7071747e-19	4.6077356e-19	1.4863127e-20	1.4417223e-20	1.4417217e-20	1.4417042e-20	0.0000000e+00	
7.1968567e+02	3.7216448e-17	3.7213847e-17	3.2845847e-17	3.0371631e-17	2.8780787e-17	2.8774662e-17	2.5656121e-17	2.5649856e-17	2.3456139e-17	2.1090119e-17	2.1080890e-17	1.7235012e-17	1.0209547e-17	9.3795740e-18	9.3794456e-18	8.8144251e-18	8.7438669e-19	8.7438576e-19	8.7425778e-19	4.6809513e-19	1.8550425e-20	1.8074487e-20	1.8074496e-20	1.8074305e-20	0.0000000e+00	
7.5431201e+02	3.5982444e-17	3.5979917e-17	3.1777407e-17	2.9393701e-17	2.7846012e-17	2.7840078e-17	2.4831475e-17	2.4825424e-17	2.2713574e-17	2.0423844e-17	2.0414909e-17	1.6704272e-17	9.9289669e-18	9.1244967e-18	9.1243724e-18	8.5757551e-18	8.7649755e-19	8.7649662e-19	8.7637134e-19	4.7442467e-19	2.2255512e-20	2.1752731e-20	2.1752753e-20	2.1752549e-20	0.0000000e+00	
7.9060432e+02	3.4779545e-17	3.4777090e-17	3.0734355e-17	2.8438260e-17	2.6933389e-17	2.6927643e-17	2.4025734e-17	2.4019891e-17	2.1987173e-17	1.9771987e-17	1.9763339e-17	1.6183979e-17	9.6513936e-18	8.8719295e-18	8.8718093e-18	8.3393412e-18	8.7723339e-19	8.7723248e-19	8.7711004e-19	4.7978358e-19	2.5943549e-20	2.5416847e-20	2.5416882e-20	2.5416667e-20	0.0000000e+00	
8.2864277e+02	3.3607713e-17	3.3605329e-17	2.9716802e-17	2.7505479e-17	2.6043023e-17	2.6037460e-17	2.3239051e-17	2.3233410e-17	2.1277149e-17	1.9134749e-17	1.9126382e-17	1.5674390e-17	9.3771767e-18	8.6222101e-18	8.6220938e-18	8.1055090e-18	8.7664856e-19	8.7664766e-19	8.7652821e-19	4.8419598e-19	2.9584754e-20	2.9036821e-20	2.9036869e-20	2.9036644e-20	0.0000000e+00	
8.6851137e+02	3.2466841e-17	3.2464529e-17	2.8724789e-17	2.6595460e-17	2.5174956e-17	2.5169572e-17	2.2471518e-17	2.2466074e-17	2.0583662e-17	1.8512283e-17	1.8504191e-17	1.5175713e-17	9.1066308e-18	8.3756435e-18	8.3755310e-18	7.8745531e-18	8.7479945e-19	8.7479856e-19	8.7468222e-19	4.8768851e-19	3.3153792e-20	3.2587110e-20	3.2587171e-20	3.2586935e-20	0.0000000e+00	
9.1029818e+02	3.1356761e-17	3.1354518e-17	2.7758298e-17	2.5708247e-17	2.4329177e-17	2.4323969e-17	2.1723179e-17	2.1717925e-17	1.9906818e-17	1.7904692e-17	1.7896867e-17	1.4688117e-17	8.8400377e-18	8.1325037e-18	8.1323949e-18	7.6467377e-18	8.7174415e-19	8.7174327e-19	8.7163014e-19	4.9028994e-19	3.6629229e-20	3.6046096e-20	3.6046168e-20	3.6045924e-20	0.0000000e+00	
9.5409548e+02	3.0277247e-17	3.0275072e-17	2.6817251e-17	2.4843825e-17	2.3505622e-17	2.3500586e-17	2.0994025e-17	2.0988957e-17	1.9246678e-17	1.7312037e-17	1.7304473e-17	1.4211728e-17	8.5776477e-18	7.8930349e-18	7.8929299e-18	7.4222992e-18	8.6754212e-19	8.6754126e-19	8.6743141e-19	4.9203099e-19	3.9993061e-20	3.9395607e-20	3.9395690e-20	3.9395439e-20	0.0000000e+00	
1.0000000e+03	2.9228020e-17	2.9225912e-17	2.5901519e-17	2.4002130e-17	2.2704183e-17	2.2699314e-17	2.0284006e-17	2.0279118e-17	1.8603255e-17	1.6734337e-17	1.6727027e-17	1.3746635e-17	8.3196815e-18	7.6574536e-18	7.6573521e-18	7.2014468e-18	8.6225384e-19	8.6225299e-19	8.6214648e-19	4.9294403e-19	4.3230297e-20	4.2620509e-20	4.2620602e-20	4.2620343e-20	0.0000000e+00	
1.0481131e+03	2.8208755e-17	2.8206714e-17	2.5010924e-17	2.3183048e-17	2.1924706e-17	2.1920001e-17	1.9593031e-17	1.9588317e-17	1.7976526e-17	1.6171575e-17	1.6164513e-17	1.3292893e-17	8.0663318e-18	7.4259496e-18	7.4258515e-18	6.9843643e-18	8.5594047e-19	8.5593963e-19	8.5583651e-19	4.9306285e-19	4.6328603e-20	4.5708331e-20	4.5708433e-20	4.5708169e-20	0.0000000e+00	
1.0985411e+03	2.7219087e-17	2.7217110e-17	2.4145245e-17	2.2386424e-17	2.1167002e-17	2.1162456e-17	1.8920969e-17	1.8916424e-17	1.7366428e-17	1.5623700e-17	1.5616879e-17	1.2850527e-17	7.8177648e-18	7.1986876e-18	7.1985929e-18	6.7712118e-18	8.4866359e-19	8.4866277e-19	8.4856306e-19	4.9242238e-19	4.9277979e-20	4.8648957e-20	4.8649066e-20	4.8648797e-20	0.0000000e+00	
1.1513954e+03	2.6258610e-17	2.6256697e-17	2.3304222e-17	2.1612063e-17	2.0430845e-17	2.0426453e-17	1.8267659e-17	1.8263278e-17	1.6772864e-17	1.5090629e-17	1.5084044e-17	1.2419531e-17	7.5741221e-18	6.9758089e-18	6.9757175e-18	6.5621266e-18	8.4048488e-19	8.4048407e-19	8.4038779e-19	4.9105851e-19	5.2070493e-20	5.1434342e-20	5.1434459e-20	5.1434185e-20	0.0000000e+00	
1.2067926e+03	2.5326887e-17	2.5325036e-17	2.2487559e-17	2.0859735e-17	1.9715979e-17	1.9711738e-17	1.7632909e-17	1.7628687e-17	1.6195708e-17	1.4572254e-17	1.4565896e-17	1.1999872e-17	7.3355218e-18	6.7574330e-18	6.7573448e-18	6.3572253e-18	8.3146582e-19	8.3146503e-19	8.3137217e-19	4.8900787e-19	5.4700030e-20	5.4058275e-20	5.4058397e-20	5.4058121e-20	0.0000000e+00	
1.2648552e+03	2.4423452e-17	2.4421662e-17	2.1694931e-17	2.0129178e-17	1.9022119e-17	1.9018025e-17	1.7016499e-17	1.7012431e-17	1.5634805e-17	1.4068438e-17	1.4062303e-17	1.1591494e-17	7.1020606e-18	6.5436585e-18	6.5435733e-18	6.1566045e-18	8.2166745e-19	8.2166668e-19	8.2157723e-19	4.8630757e-19	5.7162092e-20	5.6516162e-20	5.6516290e-20	5.6516011e-20	0.0000000e+00	
1.3257114e+03	2.3547813e-17	2.3546083e-17	2.0925981e-17	1.9420103e-17	1.8348957e-17	1.8345005e-17	1.6418187e-17	1.6414267e-17	1.5089977e-17	1.3579024e-17	1.3573104e-17	1.1194318e-17	6.8738147e-18	6.3345649e-18	6.3344828e-18	5.9603426e-18	8.1115014e-19	8.1114938e-19	8.1106331e-19	4.8299505e-19	5.9453606e-20	5.8804848e-20	5.8804979e-20	5.8804698e-20	0.0000000e+00	
1.3894955e+03	2.2699456e-17	2.2697783e-17	2.0180332e-17	1.8732193e-17	1.7696162e-17	1.7692348e-17	1.5837705e-17	1.5833930e-17	1.4561021e-17	1.3103834e-17	1.3098123e-17	1.0808248e-17	6.6508417e-18	6.1302140e-18	6.1301348e-18	5.7685010e-18	7.9997332e-19	7.9997258e-19	7.9988985e-19	4.7910786e-19	6.1572768e-20	6.0922447e-20	6.0922580e-20	6.0922299e-20	0.0000000e+00	
1.4563485e+03	2.1877847e-17	2.1876231e-17	1.9457582e-17	1.8065112e-17	1.7063384e-17	1.7059705e-17	1.5274772e-17	1.5271136e-17	1.4047715e-17	1.2642670e-17	1.2637162e-17	1.0433166e-17	6.4331816e-18	5.9306509e-18	5.9305745e-18	5.5811251e-18	7.8819530e-19	7.8819458e-19	7.8811515e-19	4.7468351e-19	6.3518898e-20	6.2868202e-20	6.2868338e-20	6.2868055e-20	0.0000000e+00	
1.5264180e+03	2.1082440e-17	2.1080878e-17	1.8757311e-17	1.7418503e-17	1.6450258e-17	1.6446710e-17	1.4729087e-17	1.4725586e-17	1.3549821e-17	1.2195321e-17	1.2190010e-17	1.0068941e-17	6.2208587e-18	5.7359054e-18	5.7358317e-18	5.3982459e-18	7.7587308e-19	7.7587237e-19	7.7579618e-19	4.6975926e-19	6.5292314e-20	6.4642362e-20	6.4642498e-20	6.4642216e-20	0.0000000e+00	
1.5998587e+03	2.0312671e-17	2.0311163e-17	1.8079086e-17	1.6791991e-17	1.5856405e-17	1.5852984e-17	1.4200335e-17	1.4196964e-17	1.3067084e-17	1.1761561e-17	1.1756440e-17	9.7154263e-18	6.0138822e-18	5.5459935e-18	5.5459224e-18	5.2198808e-18	7.6306215e-19	7.6306146e-19	7.6298844e-19	4.6437201e-19	6.6894221e-20	6.6246062e-20	6.6246199e-20	6.6245918e-20	0.0000000e+00	
1.6768329e+03	1.9567971e-17	1.9566515e-17	1.7422456e-17	1.6185189e-17	1.5281432e-17	1.5278134e-17	1.3688191e-17	1.3684945e-17	1.2599236e-17	1.1341150e-17	1.1336214e-17	9.3724632e-18	5.8122478e-18	5.3609179e-18	5.3608494e-18	5.0460350e-18	7.4981638e-19	7.4981571e-19	7.4974580e-19	4.5855813e-19	6.8326614e-20	6.7681232e-20	6.7681368e-20	6.7681088e-20	0.0000000e+00	
1.7575106e+03	1.8847759e-17	1.8846354e-17	1.6786964e-17	1.5597698e-17	1.4724939e-17	1.4721760e-17	1.3192316e-17	1.3189192e-17	1.2145998e-17	1.0933840e-17	1.0929084e-17	9.0398819e-18	5.6159391e-18	5.1806698e-18	5.1806038e-18	4.8767023e-18	7.3618786e-19	7.3618720e-19	7.3612032e-19	4.5235331e-19	6.9592184e-20	6.8950499e-20	6.8950634e-20	6.8950355e-20	0.0000000e+00	
1.8420700e+03	1.8151451e-17	1.8150095e-17	1.6172140e-17	1.5029107e-17	1.4186517e-17	1.4183453e-17	1.2712368e-17	1.2709361e-17	1.1707080e-17	1.0539373e-17	1.0534790e-17	8.7175031e-18	5.4249280e-18	5.0052293e-18	5.0051658e-18	4.7118661e-18	7.2222679e-19	7.2222614e-19	7.2216221e-19	4.4579251e-19	7.0694238e-20	7.0057110e-20	7.0057243e-20	7.0056967e-20	0.0000000e+00	
1.9306977e+03	1.7478457e-17	1.7477150e-17	1.5577510e-17	1.4478999e-17	1.3665751e-17	1.3662799e-17	1.2247992e-17	1.2245099e-17	1.1282187e-17	1.0157484e-17	1.0153069e-17	8.4051389e-18	5.2391764e-18	4.8345670e-18	4.8345058e-18	4.5515008e-18	7.0798138e-19	7.0798075e-19	7.0791969e-19	4.3890975e-19	7.1636629e-20	7.1004858e-20	7.1004989e-20	7.1004715e-20	0.0000000e+00	
2.0235896e+03	1.6828188e-17	1.6826927e-17	1.5002593e-17	1.3946949e-17	1.3162223e-17	1.3159379e-17	1.1798834e-17	1.1796050e-17	1.0871014e-17	9.7879015e-18	9.7836489e-18	8.1025946e-18	5.0586371e-18	4.6686445e-18	4.6685856e-18	4.3955718e-18	6.9349781e-19	6.9349720e-19	6.9343891e-19	4.3173812e-19	7.2423684e-20	7.1798013e-20	7.1798140e-20	7.1797869e-20	0.0000000e+00	
2.1209509e+03	1.6200053e-17	1.6198837e-17	1.4446906e-17	1.3432530e-17	1.2675509e-17	1.2672770e-17	1.1364531e-17	1.1361853e-17	1.0473252e-17	9.4303498e-18	9.4262544e-18	7.8096698e-18	4.8832542e-18	4.5074154e-18	4.5073586e-18	4.2440373e-18	6.7882011e-19	6.7881952e-19	6.7876392e-19	4.2430961e-19	7.3060145e-20	7.2441259e-20	7.2441383e-20	7.2441115e-20	0.0000000e+00	
2.2229965e+03	1.5593463e-17	1.5592291e-17	1.3909965e-17	1.2935309e-17	1.2205187e-17	1.2202549e-17	1.0944722e-17	1.0942145e-17	1.0088589e-17	9.0845495e-18	9.0806059e-18	7.5261589e-18	4.7129649e-18	4.3508262e-18	4.3507715e-18	4.0968485e-18	6.6399018e-19	6.6398960e-19	6.6393660e-19	4.1665510e-19	7.3551107e-20	7.2939639e-20	7.2939760e-20	7.2939496e-20	8.2809038e-23	
2.3299518e+03	1.5007830e-17	1.5006700e-17	1.3391284e-17	1.2454853e-17	1.1750833e-17	1.1748293e-17	1.0539040e-17	1.0536562e-17	9.7167087e-18	8.7502183e-18	8.7464216e-18	7.2518528e-18	4.5476993e-18	4.1988169e-18	4.1987642e-18	3.9539504e-18	6.4904769e-19	6.4904713e-19	6.4899664e-19	4.0880427e-19	7.3901972e-20	7.3298502e-20	7.3298618e-20	7.3298358e-20	2.9342209e-22	
2.4420531e+03	1.4442573e-17	1.4441485e-17	1.2890378e-17	1.1990730e-17	1.1312024e-17	1.1309578e-17	1.0147122e-17	1.0144739e-17	9.3572945e-18	8.4270726e-18	8.4234177e-18	6.9865392e-18	4.3873820e-18	4.0513220e-18	4.0512713e-18	3.8152827e-18	6.3403015e-19	6.3402961e-19	6.3398153e-19	4.0078555e-19	7.4118393e-20	7.3523448e-20	7.3523559e-20	7.3523303e-20	5.1901777e-22	
2.5595479e+03	1.3897115e-17	1.3896066e-17	1.2406766e-17	1.1542505e-17	1.0888338e-17	1.0885984e-17	9.7686023e-18	9.7663106e-18	9.0100283e-18	8.1148281e-18	8.1113103e-18	6.7300039e-18	4.2319324e-18	3.9082709e-18	3.9082221e-18	3.6807803e-18	6.1897285e-19	6.1897232e-19	6.1892656e-19	3.9262610e-19	7.4206228e-20	7.3620286e-20	7.3620393e-20	7.3620141e-20	7.5530042e-22	
2.6826958e+03	1.3370883e-17	1.3369873e-17	1.1939967e-17	1.1109750e-17	1.0479357e-17	1.0477092e-17	9.4031193e-18	9.4009157e-18	8.6745924e-18	7.8132005e-18	7.8098150e-18	6.4820312e-18	4.0812655e-18	3.7695889e-18	3.7695419e-18	3.5503740e-18	6.0390887e-19	6.0390835e-19	6.0386483e-19	3.8435179e-19	7.4171498e-20	7.3594991e-20	7.3595092e-20	7.3594845e-20	9.9855957e-22	
2.8117687e+03	1.2863315e-17	1.2862342e-17	1.1489508e-17	1.0692034e-17	1.0084667e-17	1.0082487e-17	9.0503124e-18	9.0481936e-18	8.3506700e-18	7.5219063e-18	7.5186486e-18	6.2424048e-18	3.9352924e-18	3.6351972e-18	3.6351520e-18	3.4239910e-18	5.8886915e-19	5.8886865e-19	5.8882726e-19	3.7598713e-19	7.4020347e-20	7.3453656e-20	7.3453753e-20	7.3453511e-20	1.2455988e-21	
2.9470517e+03	1.2373853e-17	1.2372916e-17	1.1054917e-17	1.0288933e-17	9.7038562e-18	9.7017585e-18	8.7098242e-18	8.7077872e-18	8.0379462e-18	7.2406637e-18	7.2375292e-18	6.0109084e-18	3.7939211e-18	3.5050142e-18	3.5049707e-18	3.3015552e-18	5.7388248e-19	5.7388200e-19	5.7384265e-19	3.6755533e-19	7.3759000e-20	7.3202465e-20	7.3202556e-20	7.3202319e-20	1.4936732e-21	
3.0888436e+03	1.1901950e-17	1.1901048e-17	1.0635730e-17	9.9000286e-18	9.3365197e-18	9.3345014e-18	8.3813012e-18	8.3793430e-18	7.7361082e-18	6.9691926e-18	6.9661771e-18	5.7873259e-18	3.6570569e-18	3.3789553e-18	3.3789134e-18	3.1829882e-18	5.5897557e-19	5.5897510e-19	5.5893772e-19	3.5907824e-19	7.3393730e-20	7.2847646e-20	7.2847732e-20	7.2847500e-20	1.7404338e-21	
3.2374575e+03	1.1447067e-17	1.1446199e-17	1.0231489e-17	9.5249040e-18	8.9822571e-18	8.9803155e-18	8.0643939e-18	8.0625116e-18	7.4448463e-18	6.7072159e-18	6.7043151e-18	5.5714426e-18	3.5246027e-18	3.2569338e-18	3.2568935e-18	3.0682094e-18	5.4417308e-19	5.4417262e-19	5.4413711e-19	3.5057640e-19	7.2930823e-20	7.2395445e-20	7.2395526e-20	7.2395299e-20	1.9838793e-21	
3.3932218e+03	1.1008675e-17	1.1007839e-17	9.8417431e-18	9.1631500e-18	8.6406743e-18	8.6388067e-18	7.7587578e-18	7.7569486e-18	7.1638543e-18	6.4544592e-18	6.4516691e-18	5.3630452e-18	3.3964599e-18	3.1388612e-18	3.1388225e-18	2.9571362e-18	5.2949768e-19	5.2949723e-19	5.2946352e-19	3.4206903e-19	7.2376551e-20	7.1852092e-20	7.1852168e-20	7.1851946e-20	2.2223133e-21	
3.5564803e+03	1.0586254e-17	1.0585450e-17	9.4660476e-18	8.8143632e-18	8.3113836e-18	8.3095874e-18	7.4640534e-18	7.4623146e-18	6.8928297e-18	6.2106518e-18	6.2079684e-18	5.1619221e-18	3.2725286e-18	3.0246476e-18	3.0246104e-18	2.8496850e-18	5.1497012e-19	5.1496969e-19	5.1493768e-19	3.3357405e-19	7.1737135e-20	7.1223773e-20	7.1223843e-20	7.1223627e-20	2.4543072e-21	
3.7275937e+03	1.0179297e-17	1.0178523e-17	9.1039667e-18	8.4781467e-18	7.9940041e-18	7.9922768e-18	7.1799468e-18	7.1782757e-18	6.6314745e-18	5.9755267e-18	5.9729462e-18	4.9678640e-18	3.1527077e-18	2.9142022e-18	2.9141664e-18	2.7457708e-18	5.0060931e-19	5.0060890e-19	5.0057851e-19	3.2510813e-19	7.1018728e-20	7.0516603e-20	7.0516668e-20	7.0516457e-20	2.6786671e-21	
3.9069399e+03	9.7873039e-18	9.7865596e-18	8.7550724e-18	8.1541107e-18	7.6881623e-18	7.6865013e-18	6.9061098e-18	6.9045040e-18	6.3794953e-18	5.7488211e-18	5.7463398e-18	4.7806645e-18	3.0368957e-18	2.8074334e-18	2.8073989e-18	2.6453084e-18	4.8643236e-19	4.8643196e-19	4.8640312e-19	3.1668667e-19	7.0227385e-20	6.9736605e-20	6.9736665e-20	6.9736460e-20	2.8944051e-21	
4.0949151e+03	9.4097889e-18	9.4090729e-18	8.4189454e-18	7.8418726e-18	7.3934918e-18	7.3918947e-18	6.6422207e-18	6.6406776e-18	6.1366037e-18	5.5302768e-18	5.5278910e-18	4.6001195e-18	2.9249909e-18	2.7042490e-18	2.7042159e-18	2.5482117e-18	4.7245467e-19	4.7245428e-19	4.7242692e-19	3.0832390e-19	6.9369045e-20	6.8889685e-20	6.8889740e-20	6.8889539e-20	3.1007149e-21	
4.2919343e+03	9.0462759e-18	9.0455871e-18	8.0951749e-18	7.5410573e-18	7.1096340e-18	7.1080985e-18	6.3879639e-18	6.3864812e-18	5.9025166e-18	5.3196400e-18	5.3173462e-18	4.4260286e-18	2.8168915e-18	2.6045571e-18	2.6045253e-18	2.4543946e-18	4.5869002e-19	4.5868964e-19	4.5866368e-19	3.0003285e-19	6.8449507e-20	6.7981612e-20	6.7981662e-20	6.7981467e-20	3.2969492e-21	
4.4984327e+03	8.6963000e-18	8.6956376e-18	7.7833594e-18	7.2512977e-18	6.8362380e-18	6.8347619e-18	6.1430305e-18	6.1416058e-18	5.6769562e-18	5.1166619e-18	5.1144567e-18	4.2581943e-18	2.7124960e-18	2.5082657e-18	2.5082351e-18	2.3637713e-18	4.4515062e-19	4.4515026e-19	4.4512563e-19	2.9182544e-19	6.7474419e-20	6.7018005e-20	6.7018051e-20	6.7017861e-20	3.4826009e-21	
4.7148664e+03	8.3594081e-18	8.3587711e-18	7.4831063e-18	6.9722347e-18	6.5729612e-18	6.5715422e-18	5.9071182e-18	5.9057495e-18	5.4596506e-18	4.9210987e-18	4.9189789e-18	4.0964229e-18	2.6117034e-18	2.4152831e-18	2.4152536e-18	2.2762561e-18	4.3184722e-19	4.3184687e-19	4.3182350e-19	2.8371249e-19	6.6449257e-20	6.6004315e-20	6.6004356e-20	6.6004172e-20	3.6572866e-21	
4.9417134e+03	8.0351584e-18	8.0345459e-18	7.1940324e-18	6.7035172e-18	6.3194687e-18	6.3181047e-18	5.6799318e-18	5.6786168e-18	5.2503335e-18	4.7327119e-18	4.7306742e-18	3.9405241e-18	2.5144135e-18	2.3255183e-18	2.3254900e-18	2.1917637e-18	4.1878916e-19	4.1878882e-19	4.1876666e-19	2.7570381e-19	6.5379316e-20	6.4945812e-20	6.4945849e-20	6.4945670e-20	3.8207315e-21	
5.1794747e+03	7.7231205e-18	7.7225316e-18	6.9157638e-18	6.4448026e-18	6.0754339e-18	6.0741229e-18	5.4611828e-18	5.4599195e-18	5.0487446e-18	4.5512681e-18	4.5493096e-18	3.7903117e-18	2.4205270e-18	2.2388810e-18	2.2388538e-18	2.1102098e-18	4.0598448e-19	4.0598415e-19	4.0596312e-19	2.6780819e-19	6.4269697e-20	6.3847575e-20	6.3847607e-20	6.3847434e-20	3.9727570e-21	
5.4286754e+03	7.4228756e-18	7.4223094e-18	6.6479360e-18	6.1957565e-18	5.8405385e-18	5.8392785e-18	5.2505900e-18	5.2493763e-18	4.8546297e-18	4.3765395e-18	4.3746572e-18	3.6456032e-18	2.3299456e-18	2.1552819e-18	2.1552557e-18	2.0315106e-18	3.9343995e-19	3.9343963e-19	3.9341969e-19	2.6003348e-19	6.3125300e-20	6.2714481e-20	6.2714510e-20	6.2714341e-20	4.1132693e-21	
5.6898660e+03	7.1340162e-18	7.1334718e-18	6.3901939e-18	5.9560529e-18	5.6144723e-18	5.6132614e-18	5.0478788e-18	5.0467130e-18	4.6677405e-18	4.2083036e-18	4.2064945e-18	3.5062203e-18	2.2425724e-18	2.0746325e-18	2.0746073e-18	1.9555834e-18	3.8116122e-19	3.8116091e-19	3.8114199e-19	2.5238663e-19	6.1950813e-20	6.1551202e-20	6.1551226e-20	6.1551063e-20	4.2422495e-21	
5.9636233e+03	6.8561461e-18	6.8556228e-18	6.1421918e-18	5.7253742e-18	5.3969333e-18	5.3957696e-18	4.8527822e-18	4.8516623e-18	4.4878350e-18	4.0463433e-18	4.0446048e-18	3.3719886e-18	2.1583116e-18	1.9968457e-18	1.9968215e-18	1.8823466e-18	3.6915282e-19	3.6915253e-19	3.6913458e-19	2.4487375e-19	6.0750712e-20	6.0362194e-20	6.0362215e-20	6.0362057e-20	4.3597450e-21	
6.2505519e+03	6.5888804e-18	6.5883774e-18	5.9035936e-18	5.5034113e-18	5.1876278e-18	5.1865096e-18	4.6650400e-18	4.6639642e-18	4.3146774e-18	3.8904472e-18	3.8887765e-18	3.2427379e-18	2.0770693e-18	1.9218357e-18	1.9218125e-18	1.8117197e-18	3.5741829e-19	3.5741800e-19	3.5740097e-19	2.3750012e-19	5.9529253e-20	5.9151700e-20	5.9151717e-20	5.9151564e-20	4.4658615e-21	
6.5512856e+03	6.3318454e-18	6.3313619e-18	5.6740723e-18	5.2898635e-18	4.9862701e-18	4.9851956e-18	4.4843989e-18	4.4833656e-18	4.1480378e-18	3.7404093e-18	3.7388038e-18	3.1183022e-18	1.9987529e-18	1.8495180e-18	1.8494956e-18	1.7436236e-18	3.4596022e-19	3.4595994e-19	3.4594378e-19	2.3027029e-19	5.8290473e-20	5.7923739e-20	5.7923754e-20	5.7923605e-20	4.5607563e-21	
6.8664885e+03	6.0846784e-18	6.0842137e-18	5.4533102e-18	5.0844384e-18	4.7925827e-18	4.7915503e-18	4.3106130e-18	4.3096205e-18	3.9876927e-18	3.5960291e-18	3.5944864e-18	2.9985196e-18	1.9232715e-18	1.7798095e-18	1.7797880e-18	1.6779806e-18	3.3478031e-19	3.3478005e-19	3.3476471e-19	2.2318808e-19	5.7038186e-20	5.6682115e-20	5.6682126e-20	5.6681983e-20	4.6446319e-21	
7.1968567e+03	5.8470274e-18	5.8465808e-18	5.2409989e-18	4.8868517e-18	4.6062960e-18	4.6053040e-18	4.1434430e-18	4.1424896e-18	3.8334247e-18	3.4571115e-18	3.4556292e-18	2.8832326e-18	1.8505359e-18	1.7126289e-18	1.7126082e-18	1.6147142e-18	3.2387950e-19	3.2387924e-19	3.2386469e-19	2.1625667e-19	5.5775985e-20	5.5430409e-20	5.5430417e-20	5.5430278e-20	4.7177306e-21	
7.5431201e+03	5.6185511e-18	5.6181219e-18	5.0368388e-18	4.6968276e-18	4.4271483e-18	4.4261952e-18	3.9826566e-18	3.9817409e-18	3.6850224e-18	3.3234670e-18	3.3220427e-18	2.7722875e-18	1.7804589e-18	1.6478962e-18	1.6478764e-18	1.5537496e-18	3.1325795e-19	3.1325770e-19	3.1324388e-19	2.0947859e-19	5.4507245e-20	5.4171986e-20	5.4171992e-20	5.4171857e-20	4.7803294e-21	
7.9060432e+03	5.3989189e-18	5.3985065e-18	4.8405395e-18	4.5140983e-18	4.2548858e-18	4.2539700e-18	3.8280283e-18	3.8271488e-18	3.5422805e-18	3.1949114e-18	3.1935429e-18	2.6655352e-18	1.7129550e-18	1.5855333e-18	1.5855143e-18	1.4950135e-18	3.0291516e-19	3.0291492e-19	3.0290180e-19	2.0285582e-19	5.3235125e-20	5.2909995e-20	5.2909999e-20	5.2909868e-20	4.8327352e-21	
8.2864277e+03	5.1878104e-18	5.1874141e-18	4.6518193e-18	4.3384038e-18	4.0892621e-18	4.0883823e-18	3.6793393e-18	3.6784946e-18	3.4049995e-18	3.0712658e-18	3.0699509e-18	2.5628303e-18	1.6479406e-18	1.5254637e-18	1.5254454e-18	1.4384340e-18	2.9285000e-19	2.9284976e-19	2.9283731e-19	1.9638978e-19	5.1962569e-20	5.1647374e-20	5.1647376e-20	5.1647250e-20	4.8752809e-21	
8.6851137e+03	4.9849153e-18	4.9845345e-18	4.4704051e-18	4.1694921e-18	3.9300388e-18	3.9291935e-18	3.5363775e-18	3.5355661e-18	3.2729859e-18	2.9523567e-18	2.9510933e-18	2.4640320e-18	1.5853340e-18	1.4676126e-18	1.4675950e-18	1.3839411e-18	2.8306078e-19	2.8306055e-19	2.8304872e-19	1.9008141e-19	5.0692316e-20	5.0386856e-20	5.0386855e-20	5.0386734e-20	4.9083211e-21	
9.1029818e+03	4.7899333e-18	4.7895673e-18	4.2960324e-18	4.0071190e-18	3.7769845e-18	3.7761724e-18	3.3989371e-18	3.3981578e-18	3.1460521e-18	2.8380155e-18	2.8368016e-18	2.3690031e-18	1.5250557e-18	1.4119070e-18	1.4118900e-18	1.3314663e-18	2.7354530e-19	2.7354509e-19	2.7353385e-19	1.8393119e-19	4.9426901e-20	4.9130969e-20	4.9130966e-20	4.9130849e-20	4.9322290e-21	
9.5409548e+03	4.6025737e-18	4.6022220e-18	4.1284451e-18	3.8510479e-18	3.6298753e-18	3.6290951e-18	3.2668189e-18	3.2660703e-18	3.0240161e-18	2.7280790e-18	2.7269127e-18	2.2776107e-18	1.4670278e-18	1.3582755e-18	1.3582593e-18	1.2809427e-18	2.6430091e-19	2.6430070e-19	2.6429002e-19	1.7793919e-19	4.8168661e-20	4.7882047e-20	4.7882043e-20	4.7881929e-20	4.9473924e-21	
1.0000000e+04	4.4225553e-18	4.4222174e-18	3.9673951e-18	3.7010496e-18	3.4884944e-18	3.4877448e-18	3.1398298e-18	3.1391108e-18	2.9067015e-18	2.6223889e-18	2.6212684e-18	2.1897258e-18	1.4111746e-18	1.3066489e-18	1.3066333e-18	1.2323050e-18	2.5532451e-19	2.5532431e-19	2.5531416e-19	1.7210507e-19	4.6919746e-20	4.6642235e-20	4.6642229e-20	4.6642120e-20	4.9542113e-21	
1.0481131e+04	4.2496063e-18	4.2492817e-18	3.8126424e-18	3.5569023e-18	3.3526319e-18	3.3519118e-18	3.0177829e-18	3.0170924e-18	2.7939375e-18	2.5207919e-18	2.5197154e-18	2.1052233e-18	1.3574223e-18	1.2569593e-18	1.2569443e-18	1.1854898e-18	2.4661268e-19	2.4661248e-19	2.4660284e-19	1.6642818e-19	4.5682119e-20	4.5413495e-20	4.5413488e-20	4.5413382e-20	4.9530945e-21	
1.0985411e+04	4.0834640e-18	4.0831520e-18	3.6639549e-18	3.4183911e-18	3.2220848e-18	3.2213930e-18	2.9004975e-18	2.8998342e-18	2.6855585e-18	2.4231395e-18	2.4221052e-18	2.0239818e-18	1.3056990e-18	1.2091409e-18	1.2091265e-18	1.1404352e-18	2.3816163e-19	2.3816144e-19	2.3815227e-19	1.6090751e-19	4.4457569e-20	4.4197614e-20	4.4197605e-20	4.4197503e-20	4.9444572e-21	
1.1513954e+04	3.9238742e-18	3.9235745e-18	3.5211081e-18	3.2853084e-18	3.0966569e-18	3.0959923e-18	2.7877984e-18	2.7871613e-18	2.5814046e-18	2.3292879e-18	2.3282941e-18	1.9458839e-18	1.2559350e-18	1.1631295e-18	1.1631156e-18	1.0970809e-18	2.2996730e-19	2.2996712e-19	2.2995839e-19	1.5554179e-19	4.3247716e-20	4.2996210e-20	4.2996200e-20	4.2996102e-20	4.9287182e-21	
1.2067926e+04	3.7705917e-18	3.7703037e-18	3.3838850e-18	3.1574535e-18	2.9761583e-18	2.9755197e-18	2.6795165e-18	2.6789045e-18	2.4813207e-18	2.2390980e-18	2.2381432e-18	1.8708157e-18	1.2080624e-18	1.1188628e-18	1.1188494e-18	1.0553685e-18	2.2202538e-19	2.2202521e-19	2.2201691e-19	1.5032948e-19	4.2054020e-20	4.1810742e-20	4.1810731e-20	4.1810637e-20	4.9062981e-21	
1.2648552e+04	3.6233795e-18	3.6231027e-18	3.2520757e-18	3.0346319e-18	2.8604055e-18	2.8597920e-18	2.5754881e-18	2.5749002e-18	2.3851569e-18	2.1524353e-18	2.1515178e-18	1.7986671e-18	1.1620150e-18	1.0762801e-18	1.0762673e-18	1.0152409e-18	2.1433134e-19	2.1433117e-19	2.1432327e-19	1.4526882e-19	4.0877785e-20	4.0642517e-20	4.0642505e-20	4.0642413e-20	4.8776165e-21	
1.3257114e+04	3.4820086e-18	3.4817427e-18	3.1254777e-18	2.9166563e-18	2.7492213e-18	2.7486319e-18	2.4755550e-18	2.4749903e-18	2.2927682e-18	2.0691695e-18	2.0682880e-18	1.7293314e-18	1.1177289e-18	1.0353226e-18	1.0353103e-18	9.7664292e-19	2.0688045e-19	2.0688029e-19	2.0687277e-19	1.4035782e-19	3.9720172e-20	3.9492694e-20	3.9492682e-20	3.9492593e-20	4.8430908e-21	
1.3894955e+04	3.3462583e-18	3.3460028e-18	3.0038952e-18	2.8033451e-18	2.6424345e-18	2.6418681e-18	2.3795646e-18	2.3790221e-18	2.2040146e-18	1.9891748e-18	1.9883278e-18	1.6627054e-18	1.0751419e-18	9.9593313e-19	9.9592131e-19	9.3952084e-19	1.9966785e-19	1.9966770e-19	1.9966054e-19	1.3559433e-19	3.8582205e-20	3.8362299e-20	3.8362286e-20	3.8362201e-20	4.8031335e-21	
1.4563485e+04	3.2159154e-18	3.2156699e-18	2.8871393e-18	2.6945234e-18	2.5398797e-18	2.5393355e-18	2.2873691e-18	2.2868479e-18	2.1187607e-18	1.9123297e-18	1.9115158e-18	1.5986893e-18	1.0341937e-18	9.5805624e-19	9.5804487e-19	9.0382256e-19	1.9268854e-19	1.9268839e-19	1.9268157e-19	1.3097603e-19	3.7464776e-20	3.7252227e-20	3.7252213e-20	3.7252131e-20	4.7581514e-21	
1.5264180e+04	3.0907741e-18	3.0905382e-18	2.7750275e-18	2.5900219e-18	2.4413973e-18	2.4408745e-18	2.1988259e-18	2.1983252e-18	2.0368756e-18	1.8385166e-18	1.8377345e-18	1.5371866e-18	9.9482567e-19	9.2163812e-19	9.2162719e-19	8.6949752e-19	1.8593739e-19	1.8593724e-19	1.8593075e-19	1.2650045e-19	3.6368658e-20	3.6163251e-20	3.6163236e-20	3.6163157e-20	4.7085436e-21	
1.5998587e+04	2.9706360e-18	2.9704093e-18	2.6673837e-18	2.4896775e-18	2.3468333e-18	2.3463309e-18	2.1137976e-18	2.1133165e-18	1.9582330e-18	1.7676221e-18	1.7668705e-18	1.4781041e-18	9.5698124e-19	8.8662662e-19	8.8661612e-19	8.3649673e-19	1.7940922e-19	1.7940908e-19	1.7940289e-19	1.2216502e-19	3.5294506e-20	3.5096030e-20	3.5096015e-20	3.5095938e-20	4.6547002e-21	
1.6768329e+04	2.8553099e-18	2.8550920e-18	2.5640380e-18	2.3933326e-18	2.2560389e-18	2.2555561e-18	2.0321511e-18	2.0316889e-18	1.8827108e-18	1.6995365e-18	1.6988142e-18	1.4213517e-18	9.2060545e-19	8.5297122e-19	8.5296112e-19	8.0477270e-19	1.7309879e-19	1.7309865e-19	1.7309275e-19	1.1796706e-19	3.4242871e-20	3.4051116e-20	3.4051101e-20	3.4051027e-20	4.5970015e-21	
1.7575106e+04	2.7446111e-18	2.7444017e-18	2.4648266e-18	2.3008353e-18	2.1688707e-18	2.1684068e-18	1.9537584e-18	1.9533142e-18	1.8101915e-18	1.6341541e-18	1.6334599e-18	1.3668423e-18	8.8564512e-19	8.2062295e-19	8.2061324e-19	7.7427942e-19	1.6700079e-19	1.6700066e-19	1.6699504e-19	1.1390378e-19	3.3214203e-20	3.3028964e-20	3.3028949e-20	3.3028878e-20	4.5358164e-21	
1.8420700e+04	2.6383618e-18	2.6381605e-18	2.3695914e-18	2.2120388e-18	2.0851905e-18	2.0847446e-18	1.8784956e-18	1.8780689e-18	1.7405611e-18	1.5713727e-18	1.5707055e-18	1.3144918e-18	8.5204873e-19	7.8953441e-19	7.8952508e-19	7.4497232e-19	1.6110992e-19	1.6110980e-19	1.6110443e-19	1.0997235e-19	3.2208859e-20	3.2029933e-20	3.2029918e-20	3.2029849e-20	4.4715021e-21	
1.9306977e+04	2.5363905e-18	2.5361971e-18	2.2781800e-18	2.1268017e-18	2.0048647e-18	2.0044361e-18	1.8062437e-18	1.8058335e-18	1.6737102e-18	1.5110938e-18	1.5104525e-18	1.2642192e-18	8.1976648e-19	7.5965973e-19	7.5965076e-19	7.1680830e-19	1.5542086e-19	1.5542074e-19	1.5541561e-19	1.0616987e-19	3.1227110e-20	3.1054299e-20	3.1054283e-20	3.1054217e-20	4.4044028e-21	
2.0235896e+04	2.4385321e-18	2.4383462e-18	2.1904455e-18	2.0449877e-18	1.9277647e-18	1.9273528e-18	1.7368874e-18	1.7364932e-18	1.6095329e-18	1.4532223e-18	1.4526059e-18	1.2159459e-18	7.8875014e-19	7.3095452e-19	7.3094589e-19	6.8974560e-19	1.4992828e-19	1.4992816e-19	1.4992327e-19	1.0249340e-19	3.0269148e-20	3.0102255e-20	3.0102239e-20	3.0102175e-20	4.3348495e-21	
2.1209509e+04	2.3446274e-18	2.3444487e-18	2.1062463e-18	1.9664653e-18	1.8537667e-18	1.8533707e-18	1.6703159e-18	1.6699370e-18	1.5479272e-18	1.3976666e-18	1.3970740e-18	1.1695964e-18	7.5895311e-19	7.0337583e-19	7.0336754e-19	6.6374385e-19	1.4462690e-19	1.4462679e-19	1.4462212e-19	9.8939951e-20	2.9335090e-20	2.9173924e-20	2.9173908e-20	2.9173847e-20	4.2631593e-21	
2.2229965e+04	2.2545230e-18	2.2543512e-18	2.0254458e-18	1.8911078e-18	1.7827510e-18	1.7823704e-18	1.6064222e-18	1.6060580e-18	1.4887947e-18	1.3443381e-18	1.3437684e-18	1.1250978e-18	7.3033031e-19	6.7688215e-19	6.7687418e-19	6.3876403e-19	1.3951145e-19	1.3951135e-19	1.3950689e-19	9.5506540e-20	2.8424986e-20	2.8269361e-20	2.8269344e-20	2.8269285e-20	4.1896351e-21	
2.3299518e+04	2.1680713e-18	2.1679061e-18	1.9479127e-18	1.8187931e-18	1.7146026e-18	1.7142366e-18	1.5451034e-18	1.5447533e-18	1.4320406e-18	1.2931518e-18	1.2926039e-18	1.0823798e-18	7.0283820e-19	6.5143335e-19	6.5142568e-19	6.1476838e-19	1.3457673e-19	1.3457662e-19	1.3457236e-19	9.2190154e-20	2.7538827e-20	2.7388557e-20	2.7388541e-20	2.7388484e-20	4.1145652e-21	
2.4420531e+04	2.0851300e-18	2.0849711e-18	1.8735203e-18	1.7494035e-18	1.6492105e-18	1.6488587e-18	1.4862600e-18	1.4859234e-18	1.3775735e-18	1.2440252e-18	1.2434985e-18	1.0413743e-18	6.7643468e-19	6.2699064e-19	6.2698326e-19	5.9172043e-19	1.2981755e-19	1.2981746e-19	1.2981338e-19	8.8987781e-20	2.6676543e-20	2.6531450e-20	2.6531434e-20	2.6531379e-20	4.0382234e-21	
2.5595479e+04	2.0055622e-18	2.0054094e-18	1.8021466e-18	1.6828256e-18	1.5864680e-18	1.5861296e-18	1.4297965e-18	1.4294728e-18	1.3253052e-18	1.1968794e-18	1.1963728e-18	1.0020161e-18	6.5107912e-19	6.0351655e-19	6.0350946e-19	5.6958495e-19	1.2522883e-19	1.2522874e-19	1.2522485e-19	8.5896417e-20	2.5838016e-20	2.5697925e-20	2.5697909e-20	2.5697856e-20	3.9608686e-21	
2.6826958e+04	1.9292360e-18	1.9290891e-18	1.7336740e-18	1.6189504e-18	1.5262720e-18	1.5259465e-18	1.3756207e-18	1.3753094e-18	1.2751510e-18	1.1516379e-18	1.1511507e-18	9.6424197e-19	6.2673227e-19	5.8097491e-19	5.8096808e-19	5.4832789e-19	1.2080553e-19	1.2080544e-19	1.2080172e-19	8.2913069e-20	2.5023080e-20	2.4887820e-20	2.4887804e-20	2.4887753e-20	3.8827451e-21	
2.8117687e+04	1.8560247e-18	1.8558834e-18	1.6679896e-18	1.5576727e-18	1.4685235e-18	1.4682105e-18	1.3236437e-18	1.3233444e-18	1.2270290e-18	1.1082273e-18	1.1077586e-18	9.2799121e-19	6.0335622e-19	5.5933076e-19	5.5932420e-19	5.2791638e-19	1.1654269e-19	1.1654260e-19	1.1653904e-19	8.0034763e-20	2.4231529e-20	2.4100933e-20	2.4100917e-20	2.4100868e-20	3.8040826e-21	
2.9470517e+04	1.7858061e-18	1.7856702e-18	1.6049844e-18	1.4988913e-18	1.4131271e-18	1.4128260e-18	1.2737803e-18	1.2734924e-18	1.1808605e-18	1.0665767e-18	1.0661258e-18	8.9320522e-19	5.8091442e-19	5.3855039e-19	5.3854407e-19	5.0831871e-19	1.1243543e-19	1.1243534e-19	1.1243193e-19	7.7258554e-20	2.3463117e-20	2.3337023e-20	2.3337008e-20	2.3336960e-20	3.7250964e-21	
3.0888436e+04	1.7184626e-18	1.7183318e-18	1.5445537e-18	1.4425088e-18	1.3599910e-18	1.3597014e-18	1.2259480e-18	1.2256710e-18	1.1365696e-18	1.0266178e-18	1.0261841e-18	8.5982754e-19	5.5937157e-19	5.1860124e-19	5.1859516e-19	4.8950424e-19	1.0847895e-19	1.0847887e-19	1.0847561e-19	7.4581525e-20	2.2717567e-20	2.2595817e-20	2.2595801e-20	2.2595755e-20	3.6459875e-21	
3.2374575e+04	1.6538812e-18	1.6537554e-18	1.4865964e-18	1.3884313e-18	1.3090268e-18	1.3087482e-18	1.1800676e-18	1.1798012e-18	1.0940834e-18	9.8828515e-19	9.8786776e-19	8.2780381e-19	5.3869362e-19	4.9945192e-19	4.9944607e-19	4.7144343e-19	1.0466857e-19	1.0466849e-19	1.0466537e-19	7.2000795e-20	2.1994569e-20	2.1877009e-20	2.1876994e-20	2.1876950e-20	3.5669430e-21	
3.3932218e+04	1.5919532e-18	1.5918321e-18	1.4310157e-18	1.3365685e-18	1.2601495e-18	1.2598813e-18	1.1360630e-18	1.1358066e-18	1.0533315e-18	9.5151535e-19	9.5111366e-19	7.9708165e-19	5.1884776e-19	4.8107212e-19	4.8106649e-19	4.5410776e-19	1.0099966e-19	1.0099959e-19	1.0099659e-19	6.9513523e-20	2.1293791e-20	2.1180271e-20	2.1180256e-20	2.1180214e-20	3.4881367e-21	
3.5564803e+04	1.5325739e-18	1.5324574e-18	1.3777181e-18	1.2868338e-18	1.2132772e-18	1.2130191e-18	1.0938607e-18	1.0936139e-18	1.0142462e-18	9.1624758e-19	9.1586094e-19	7.6761066e-19	4.9980231e-19	4.6343263e-19	4.6342721e-19	4.3746975e-19	9.7467728e-20	9.7467654e-20	9.7464788e-20	6.7116912e-20	2.0614874e-20	2.0505250e-20	2.0505235e-20	2.0505194e-20	3.4097290e-21	
3.7275937e+04	1.4756427e-18	1.4755305e-18	1.3266137e-18	1.2391434e-18	1.1683311e-18	1.1680826e-18	1.0533902e-18	1.0531526e-18	9.7676252e-19	8.8242324e-19	8.8205103e-19	7.3934225e-19	4.8152675e-19	4.4650529e-19	4.4650007e-19	4.2150288e-19	9.4068351e-20	9.4068280e-20	9.4065532e-20	6.4808211e-20	1.9957441e-20	1.9851572e-20	1.9851557e-20	1.9851518e-20	3.3318676e-21	
3.9069399e+04	1.4210628e-18	1.4209548e-18	1.2776162e-18	1.1934170e-18	1.1252355e-18	1.1249963e-18	1.0145834e-18	1.0143547e-18	9.4081771e-19	8.4998595e-19	8.4962756e-19	7.1222971e-19	4.6399167e-19	4.3026293e-19	4.3025790e-19	4.0618160e-19	9.0797221e-20	9.0797152e-20	9.0794517e-20	6.2584717e-20	1.9321100e-20	1.9218848e-20	1.9218833e-20	1.9218795e-20	3.2546880e-21	
4.0949151e+04	1.3687412e-18	1.3686372e-18	1.2306425e-18	1.1495773e-18	1.0839176e-18	1.0836873e-18	9.7737509e-19	9.7715486e-19	9.0635147e-19	8.1888145e-19	8.1853632e-19	6.8622802e-19	4.4716871e-19	4.1467939e-19	4.1467455e-19	3.9148127e-19	8.7650129e-20	8.7650062e-20	8.7647535e-20	6.0443782e-20	1.8705440e-20	1.8606673e-20	1.8606659e-20	1.8606622e-20	3.1783140e-21	
4.2919343e+04	1.3185885e-18	1.3184883e-18	1.1856126e-18	1.1075498e-18	1.0443073e-18	1.0440855e-18	9.4170237e-19	9.4149028e-19	8.7330582e-19	7.8905754e-19	7.8872512e-19	6.6129390e-19	4.3103056e-19	3.9972944e-19	3.9972478e-19	3.7737815e-19	8.4622971e-20	8.4622906e-20	8.4620481e-20	5.8382807e-20	1.8110043e-20	1.8014632e-20	1.8014618e-20	1.8014582e-20	3.1028578e-21	
4.4984327e+04	1.2705186e-18	1.2704221e-18	1.1424498e-18	1.0672631e-18	1.0063372e-18	1.0061235e-18	9.0750481e-19	9.0730050e-19	8.4162495e-19	7.6046402e-19	7.6014376e-19	6.3738568e-19	4.1555089e-19	3.8538879e-19	3.8538429e-19	3.6384937e-19	8.1711745e-20	8.1711683e-20	8.1709355e-20	5.6399251e-20	1.7534478e-20	1.7442298e-20	1.7442284e-20	1.7442250e-20	3.0284211e-21	
4.7148664e+04	1.2244489e-18	1.2243560e-18	1.1010800e-18	1.0286485e-18	9.6994256e-19	9.6973664e-19	8.7472426e-19	8.7452741e-19	8.1125521e-19	7.3305257e-19	7.3274398e-19	6.1446327e-19	4.0070437e-19	3.7163403e-19	3.7162969e-19	3.5087288e-19	7.8912555e-20	7.8912495e-20	7.8910259e-20	5.4490629e-20	1.6978308e-20	1.6889238e-20	1.6889224e-20	1.6889191e-20	2.9550953e-21	
4.9417134e+04	1.1803000e-18	1.1802105e-18	1.0614324e-18	9.9163970e-19	9.3506106e-19	9.3486262e-19	8.4330483e-19	8.4311513e-19	7.8214498e-19	7.0677676e-19	7.0647935e-19	5.9248811e-19	3.8646659e-19	3.5844261e-19	3.5843843e-19	3.3842746e-19	7.6221609e-20	7.6221551e-20	7.6219403e-20	5.2654513e-20	1.6441089e-20	1.6355012e-20	1.6354999e-20	1.6354967e-20	2.8829618e-21	
5.1794747e+04	1.1379955e-18	1.1379092e-18	1.0234386e-18	9.5617329e-19	9.0163285e-19	9.0144157e-19	8.1319279e-19	8.1300995e-19	7.5424466e-19	6.8159192e-19	6.8130521e-19	5.7142310e-19	3.7281404e-19	3.4579283e-19	3.4578880e-19	3.2649268e-19	7.3635218e-20	7.3635162e-20	7.3633098e-20	5.0888534e-20	1.5922375e-20	1.5839177e-20	1.5839164e-20	1.5839133e-20	2.8120930e-21	
5.4286754e+04	1.0974621e-18	1.0973789e-18	9.8703303e-19	9.2218817e-19	8.6960040e-19	8.6941597e-19	7.8433649e-19	7.8416021e-19	7.2750653e-19	6.5745509e-19	6.5717865e-19	5.5123256e-19	3.5972410e-19	3.3366379e-19	3.3365991e-19	3.1504886e-19	7.1149797e-20	7.1149743e-20	7.1147759e-20	4.9190380e-20	1.5421716e-20	1.5341287e-20	1.5341275e-20	1.5341245e-20	2.7425527e-21	
5.6898660e+04	1.0586293e-18	1.0585490e-18	9.5215271e-19	8.8962562e-19	8.3890840e-19	8.3873055e-19	7.5668628e-19	7.5651628e-19	7.0188475e-19	6.3432501e-19	6.3405839e-19	5.3188220e-19	3.4717500e-19	3.2203538e-19	3.2203163e-19	3.0407705e-19	6.8761864e-20	6.8761812e-20	6.8759904e-20	4.7557801e-20	1.4938661e-20	1.4860895e-20	1.4860883e-20	1.4860854e-20	2.6743961e-21	
5.9636233e+04	1.0214293e-18	1.0213518e-18	9.1873703e-19	8.5842923e-19	8.0950372e-19	8.0933215e-19	7.3019445e-19	7.3003046e-19	6.7733523e-19	6.1216197e-19	6.1190477e-19	5.1333902e-19	3.3514578e-19	3.1088822e-19	3.1088461e-19	2.9355901e-19	6.6468038e-20	6.6467988e-20	6.6466152e-20	4.5988602e-20	1.4472760e-20	1.4397555e-20	1.4397543e-20	1.4397515e-20	2.6076712e-21	
6.2505519e+04	9.8579713e-19	9.8572242e-19	8.8672780e-19	8.2854481e-19	7.8133529e-19	7.8116976e-19	7.0481514e-19	7.0465691e-19	6.5381562e-19	5.9092784e-19	5.9067965e-19	4.9557132e-19	3.2361628e-19	3.0020369e-19	3.0020020e-19	2.8347720e-19	6.4265039e-20	6.4264991e-20	6.4263223e-20	4.4480651e-20	1.4023565e-20	1.3950821e-20	1.3950810e-20	1.3950783e-20	2.5424185e-21	
6.5512856e+04	9.5167034e-19	9.5159824e-19	8.5606911e-19	7.9992028e-19	7.5435407e-19	7.5419431e-19	6.8050430e-19	6.8035159e-19	6.3128521e-19	5.7058596e-19	5.7034640e-19	4.7854862e-19	3.1256710e-19	2.8996386e-19	2.8996049e-19	2.7381474e-19	6.2149685e-20	6.2149639e-20	6.2147937e-20	4.3031872e-20	1.3590630e-20	1.3520251e-20	1.3520239e-20	1.3520213e-20	2.4786718e-21	
6.8664885e+04	9.1898891e-19	9.1891930e-19	8.2670725e-19	7.7250562e-19	7.2851294e-19	7.2835869e-19	6.5721960e-19	6.5707218e-19	6.0970487e-19	5.5110110e-19	5.5086980e-19	4.6224161e-19	3.0197958e-19	2.8015148e-19	2.8014823e-19	2.6455537e-19	6.0118894e-20	6.0118849e-20	6.0117210e-20	4.1640251e-20	1.3173511e-20	1.3105405e-20	1.3105394e-20	1.3105368e-20	2.4164587e-21	
7.1968567e+04	8.8769521e-19	8.8762799e-19	7.9859067e-19	7.4625277e-19	7.0376662e-19	7.0361767e-19	6.3492039e-19	6.3477802e-19	5.8903705e-19	5.3243941e-19	5.3221603e-19	4.4662213e-19	2.9183577e-19	2.7074997e-19	2.7074682e-19	2.5568347e-19	5.8169677e-20	5.8169634e-20	5.8168054e-20	4.0303829e-20	1.2771772e-20	1.2705848e-20	1.2705837e-20	1.2705813e-20	2.3558012e-21	
7.5431201e+04	8.5773393e-19	8.5766900e-19	7.7166981e-19	7.2111559e-19	6.8007166e-19	6.7992777e-19	6.1356760e-19	6.1343007e-19	5.6924562e-19	5.1456838e-19	5.1435257e-19	4.3166314e-19	2.8211842e-19	2.6174336e-19	2.6174032e-19	2.4718401e-19	5.6299143e-20	5.6299101e-20	5.6297578e-20	3.9020705e-20	1.2384980e-20	1.2321151e-20	1.2321140e-20	1.2321117e-20	2.2967156e-21	
7.9060432e+04	8.2905194e-19	8.2898919e-19	7.4589712e-19	6.9704976e-19	6.5738630e-19	6.5724725e-19	5.9312373e-19	5.9299083e-19	5.5029593e-19	4.9745677e-19	4.9724822e-19	4.1733862e-19	2.7281093e-19	2.5311632e-19	2.5311338e-19	2.3904253e-19	5.4504490e-20	5.4504449e-20	5.4502980e-20	3.7789036e-20	1.2012706e-20	1.1950889e-20	1.1950879e-20	1.1950856e-20	2.2392134e-21	
8.2864277e+04	8.0159824e-19	8.0153759e-19	7.2122692e-19	6.7401272e-19	6.3567045e-19	6.3553604e-19	5.7355276e-19	5.7342429e-19	5.3215466e-19	4.8107459e-19	4.8087297e-19	4.0362362e-19	2.6389734e-19	2.4485409e-19	2.4485125e-19	2.3124515e-19	5.2783009e-20	5.2782970e-20	5.2781552e-20	3.6607035e-20	1.1654531e-20	1.1594646e-20	1.1594636e-20	1.1594614e-20	2.1833018e-21	
8.6851137e+04	7.7532388e-19	7.7526524e-19	6.9761538e-19	6.5196361e-19	6.1488563e-19	6.1475565e-19	5.5482008e-19	5.5469585e-19	5.1478983e-19	4.6539301e-19	4.6519803e-19	3.9049413e-19	2.5536232e-19	2.3694249e-19	2.3693975e-19	2.2377849e-19	5.1132081e-20	5.1132043e-20	5.1130674e-20	3.5472969e-20	1.1310041e-20	1.1252009e-20	1.1251999e-20	1.1251978e-20	2.1289834e-21	
9.1029818e+04	7.5018187e-19	7.5012515e-19	6.7502039e-19	6.3086320e-19	5.9499487e-19	5.9486914e-19	5.3689249e-19	5.3677232e-19	4.9817073e-19	4.5038436e-19	4.5019574e-19	3.7792712e-19	2.4719112e-19	2.2936790e-19	2.2936524e-19	2.1662972e-19	4.9549171e-20	4.9549134e-20	4.9547812e-20	3.4385160e-20	1.0978830e-20	1.0922576e-20	1.0922566e-20	1.0922545e-20	2.0762574e-21	
9.5409548e+04	7.2612711e-19	7.2607222e-19	6.5340156e-19	6.1067383e-19	5.7596272e-19	5.7584104e-19	5.1973811e-19	5.1962181e-19	4.8226787e-19	4.3602208e-19	4.3583954e-19	3.6590044e-19	2.3936959e-19	2.2211721e-19	2.2211464e-19	2.0978649e-19	4.8031831e-20	4.8031795e-20	4.8030518e-20	3.3341984e-20	1.0660499e-20	1.0605949e-20	1.0605940e-20	1.0605920e-20	2.0251192e-21	
1.0000000e+05	7.0311631e-19	7.0306317e-19	6.3272010e-19	5.9135935e-19	5.5775510e-19	5.5763731e-19	5.0332631e-19	5.0321373e-19	4.6705294e-19	4.2228066e-19	4.2210392e-19	3.5439285e-19	2.3188411e-19	2.1517783e-19	2.1517534e-19	2.0323693e-19	4.6577697e-20	4.6577662e-20	4.6576427e-20	3.2341869e-20	1.0354657e-20	1.0301743e-20	1.0301733e-20	1.0301714e-20	1.9755614e-21	
1.0481131e+05	6.8110794e-19	6.8105648e-19	6.1293879e-19	5.7288507e-19	5.4033935e-19	5.4022528e-19	4.8762773e-19	4.8751869e-19	4.5249876e-19	4.0913559e-19	4.0896442e-19	3.4338394e-19	2.2472161e-19	2.0853766e-19	2.0853525e-19	1.9696965e-19	4.5184483e-20	4.5184449e-20	4.5183255e-20	3.1383294e-20	1.0060923e-20	1.0009575e-20	1.0009566e-20	1.0009548e-20	1.9275735e-21	
1.0985411e+05	6.6006215e-19	6.6001229e-19	5.9402192e-19	5.5521769e-19	5.2368410e-19	5.2357357e-19	4.7261415e-19	4.7250851e-19	4.3857924e-19	3.9656338e-19	3.9639752e-19	3.3285412e-19	2.1786951e-19	2.0218509e-19	2.0218275e-19	1.9097370e-19	4.3849983e-20	4.3849951e-20	4.3848795e-20	3.0464787e-20	9.7789222e-21	9.7290763e-21	9.7290676e-21	9.7290493e-21	1.8811426e-21	
1.1513954e+05	6.3994069e-19	6.3989236e-19	5.7593522e-19	5.3832526e-19	5.0775924e-19	5.0765211e-19	4.5825851e-19	4.5815611e-19	4.2526935e-19	3.8454146e-19	3.8438068e-19	3.2278457e-19	2.1131575e-19	1.9610894e-19	1.9610667e-19	1.8523855e-19	4.2572071e-20	4.2572039e-20	4.2570920e-20	2.9584929e-20	9.5082901e-21	9.4598829e-21	9.4598744e-21	9.4598566e-21	1.8362536e-21	
1.2067926e+05	6.2070688e-19	6.2066001e-19	5.5864580e-19	5.2217712e-19	4.9253590e-19	4.9243201e-19	4.4453484e-19	4.4443554e-19	4.1254505e-19	3.7304816e-19	3.7289224e-19	3.1315723e-19	2.0504874e-19	1.9029850e-19	1.9029630e-19	1.7975409e-19	4.1348691e-20	4.1348660e-20	4.1347576e-20	2.8742345e-20	9.2486706e-21	9.2016412e-21	9.2016329e-21	9.2016157e-21	1.7928892e-21	
1.2648552e+05	6.0232552e-19	6.0228006e-19	5.4212210e-19	5.0674385e-19	4.7798635e-19	4.7788557e-19	4.3141821e-19	4.3132188e-19	4.0038329e-19	3.6206270e-19	3.6191142e-19	3.0395478e-19	1.9905735e-19	1.8474345e-19	1.8474132e-19	1.7451061e-19	4.0177863e-20	4.0177833e-20	4.0176782e-20	2.7935708e-20	8.9997164e-21	8.9540062e-21	8.9539981e-21	8.9539813e-21	1.7510304e-21	
1.3257114e+05	5.8476286e-19	5.8471874e-19	5.2633387e-19	4.9199722e-19	4.6408402e-19	4.6398620e-19	4.1888472e-19	4.1879122e-19	3.8876193e-19	3.5156513e-19	3.5141829e-19	2.9516058e-19	1.9333088e-19	1.7943392e-19	1.7943185e-19	1.6949880e-19	3.9057676e-20	3.9057647e-20	3.9056628e-20	2.7163737e-20	8.7610892e-21	8.7166415e-21	8.7166337e-21	8.7166173e-21	1.7106568e-21	
1.3894955e+05	5.6798652e-19	5.6794367e-19	5.1125207e-19	4.7791016e-19	4.5080340e-19	4.5070840e-19	4.0691142e-19	4.0682062e-19	3.7765975e-19	3.4153632e-19	3.4139371e-19	2.8675867e-19	1.8785908e-19	1.7436041e-19	1.7435840e-19	1.6470970e-19	3.7986288e-20	3.7986260e-20	3.7985271e-20	2.6425196e-20	8.5324598e-21	8.4892201e-21	8.4892124e-21	8.4891965e-21	1.6717464e-21	
1.4563485e+05	5.5196543e-19	5.5192380e-19	4.9684884e-19	4.6445669e-19	4.3812001e-19	4.3802771e-19	3.9547629e-19	3.9538807e-19	3.6705636e-19	3.3195789e-19	3.3181932e-19	2.7873372e-19	1.8263208e-19	1.6951378e-19	1.6951183e-19	1.6013470e-19	3.6961924e-20	3.6961896e-20	3.6960937e-20	2.5718890e-20	8.3135077e-21	8.2714234e-21	8.2714159e-21	8.2714004e-21	1.6342762e-21	
1.5264180e+05	5.3666980e-19	5.3662934e-19	4.8309747e-19	4.5161190e-19	4.2601039e-19	4.2592067e-19	3.8455822e-19	3.8447246e-19	3.5693224e-19	3.2281222e-19	3.2267752e-19	2.7107103e-19	1.7764043e-19	1.6488530e-19	1.6488340e-19	1.5576557e-19	3.5982873e-20	3.5982846e-20	3.5981914e-20	2.5043670e-20	8.1039218e-21	8.0629419e-21	8.0629346e-21	8.0629196e-21	1.5982221e-21	
1.5998587e+05	5.2207108e-19	5.2203172e-19	4.6997233e-19	4.3935188e-19	4.1445201e-19	4.1436475e-19	3.7413695e-19	3.7405355e-19	3.4726863e-19	3.1408242e-19	3.1395140e-19	2.6375649e-19	1.7287505e-19	1.6046654e-19	1.6046469e-19	1.5159437e-19	3.5047487e-20	3.5047461e-20	3.5046555e-20	2.4398423e-20	7.9033993e-21	7.8634751e-21	7.8634679e-21	7.8634532e-21	1.5635593e-21	
1.6768329e+05	5.0814185e-19	5.0810355e-19	4.5744886e-19	4.2765373e-19	4.0342329e-19	4.0333838e-19	3.6419306e-19	3.6411190e-19	3.3804754e-19	3.0575226e-19	3.0562476e-19	2.5677657e-19	1.6832721e-19	1.5624945e-19	1.5624765e-19	1.4761349e-19	3.4154178e-20	3.4154153e-20	3.4153272e-20	2.3782079e-20	7.7116466e-21	7.6727307e-21	7.6727237e-21	7.6727094e-21	1.5302622e-21	
1.7575106e+05	4.9485584e-19	4.9481856e-19	4.4550347e-19	4.1649544e-19	3.9290351e-19	3.9282083e-19	3.5470791e-19	3.5462888e-19	3.2925172e-19	2.9780618e-19	2.9768203e-19	2.5011829e-19	1.6398855e-19	1.5222627e-19	1.5222451e-19	1.4381563e-19	3.3301417e-20	3.3301392e-20	3.3300535e-20	2.3193606e-20	7.5283787e-21	7.4904256e-21	7.4904187e-21	7.4904048e-21	1.4983046e-21	
1.8420700e+05	4.8218786e-19	4.8215154e-19	4.3411357e-19	4.0585594e-19	3.8287280e-19	3.8279226e-19	3.4566361e-19	3.4558663e-19	3.2086462e-19	2.9022927e-19	2.9010831e-19	2.4376918e-19	1.5985103e-19	1.4838956e-19	1.4838786e-19	1.4019378e-19	3.2487732e-20	3.2487708e-20	3.2486873e-20	2.2632007e-20	7.3533190e-21	7.3162848e-21	7.3162781e-21	7.3162645e-21	1.4676601e-21	
1.9306977e+05	4.7011374e-19	4.7007834e-19	4.2325748e-19	3.9571499e-19	3.7331212e-19	3.7323361e-19	3.3704303e-19	3.3696799e-19	3.1287036e-19	2.8300719e-19	2.8288928e-19	2.3771729e-19	1.5590694e-19	1.4473220e-19	1.4473054e-19	1.3674121e-19	3.1711704e-20	3.1711680e-20	3.1710867e-20	2.2096325e-20	7.1861995e-21	7.1500419e-21	7.1500353e-21	7.1500221e-21	1.4383017e-21	
2.0235896e+05	4.5861031e-19	4.5857579e-19	4.1291439e-19	3.8605321e-19	3.6420318e-19	3.6412661e-19	3.2882971e-19	3.2875651e-19	3.0525372e-19	2.7612622e-19	2.7601121e-19	2.3195115e-19	1.5214889e-19	1.4124733e-19	1.4124571e-19	1.3345147e-19	3.0971969e-20	3.0971946e-20	3.0971153e-20	2.1585635e-20	7.0267605e-21	6.9914385e-21	6.9914321e-21	6.9914191e-21	1.4102025e-21	
2.1209509e+05	4.4765535e-19	4.4762166e-19	4.0306438e-19	3.7685197e-19	3.5552845e-19	3.5545373e-19	3.2100787e-19	3.2093644e-19	2.9800008e-19	2.6957318e-19	2.6946094e-19	2.2645975e-19	1.4856978e-19	1.3792837e-19	1.3792679e-19	1.3031834e-19	3.0267214e-20	3.0267191e-20	3.0266417e-20	2.1099046e-20	6.8747503e-21	6.8402246e-21	6.8402183e-21	6.8402056e-21	1.3833353e-21	
2.2229965e+05	4.3722754e-19	4.3719464e-19	3.9368831e-19	3.6809345e-19	3.4727113e-19	3.4719817e-19	3.1356239e-19	3.1349264e-19	2.9109543e-19	2.6333543e-19	2.6322582e-19	2.2123254e-19	1.4516278e-19	1.3476902e-19	1.3476747e-19	1.2733587e-19	2.9596172e-20	2.9596150e-20	2.9595395e-20	2.0635700e-20	6.7299252e-21	6.6961577e-21	6.6961515e-21	6.6961392e-21	1.3576727e-21	
2.3299518e+05	4.2730644e-19	4.2727430e-19	3.8476784e-19	3.5976052e-19	3.3941508e-19	3.3934379e-19	3.0647874e-19	3.0641058e-19	2.8452633e-19	2.5740084e-19	2.5729373e-19	2.1625939e-19	1.4192135e-19	1.3176320e-19	1.3176169e-19	1.2449836e-19	2.8957628e-20	2.8957607e-20	2.8956869e-20	2.0194771e-20	6.5920492e-21	6.5590034e-21	6.5589973e-21	6.5589852e-21	1.3331877e-21	
2.4420531e+05	4.1787244e-19	4.1784102e-19	3.7628537e-19	3.5183676e-19	3.3194484e-19	3.3187513e-19	2.9974299e-19	2.9967636e-19	2.7827988e-19	2.5175777e-19	2.5165305e-19	2.1153057e-19	1.3883921e-19	1.2890511e-19	1.2890363e-19	1.2180032e-19	2.8350410e-20	2.8350389e-20	2.8349668e-20	1.9775464e-20	6.4608940e-21	6.4285344e-21	6.4285285e-21	6.4285166e-21	1.3098530e-21	
2.5595479e+05	4.0890674e-19	4.0887600e-19	3.6822401e-19	3.4430641e-19	3.2484555e-19	3.2477736e-19	2.9334179e-19	2.9327660e-19	2.7234370e-19	2.4639506e-19	2.4629260e-19	2.0703676e-19	1.3591033e-19	1.2618917e-19	1.2618772e-19	1.1923647e-19	2.7773390e-20	2.7773369e-20	2.7772664e-20	1.9377010e-20	6.3362386e-21	6.3045312e-21	6.3045253e-21	6.3045137e-21	1.2876417e-21	
2.6826958e+05	4.0039129e-19	4.0036120e-19	3.6056757e-19	3.3715437e-19	3.1810298e-19	3.1803622e-19	2.8726231e-19	2.8719849e-19	2.6670591e-19	2.4130200e-19	2.4120169e-19	2.0276900e-19	1.3312892e-19	1.2361000e-19	1.2360858e-19	1.1680177e-19	2.7225483e-20	2.7225462e-20	2.7224772e-20	1.8998673e-20	6.2178692e-21	6.1867810e-21	6.1867753e-21	6.1867639e-21	1.2665271e-21	
2.8117687e+05	3.9230878e-19	3.9227930e-19	3.5330051e-19	3.3036612e-19	3.1170346e-19	3.1163806e-19	2.8149224e-19	2.8142972e-19	2.6135512e-19	2.3646830e-19	2.3637003e-19	1.9871870e-19	1.3048942e-19	1.2116246e-19	1.2116107e-19	1.1449136e-19	2.6705643e-20	2.6705624e-20	2.6704947e-20	1.8639739e-20	6.1055789e-21	6.0750783e-21	6.0750726e-21	6.0750615e-21	1.2464827e-21	
2.9470517e+05	3.8464258e-19	3.8461369e-19	3.4640790e-19	3.2392774e-19	3.0563386e-19	3.0556976e-19	2.7601977e-19	2.7595849e-19	2.5628038e-19	2.3188409e-19	2.3178775e-19	1.9487760e-19	1.2798649e-19	1.1884161e-19	1.1884024e-19	1.1230056e-19	2.6212867e-20	2.6212847e-20	2.6212184e-20	1.8299525e-20	5.9991676e-21	5.9692239e-21	5.9692184e-21	5.9692074e-21	1.2274821e-21	
3.0888436e+05	3.7737675e-19	3.7734841e-19	3.3987542e-19	3.1782586e-19	2.9988161e-19	2.9981873e-19	2.7083357e-19	2.7077345e-19	2.5147119e-19	2.2753989e-19	2.2744538e-19	1.9123779e-19	1.2561501e-19	1.1664269e-19	1.1664135e-19	1.1022491e-19	2.5746184e-20	2.5746165e-20	2.5745515e-20	1.7977369e-20	5.8984418e-21	5.8690255e-21	5.8690200e-21	5.8690093e-21	1.2094995e-21	
3.2374575e+05	3.7049598e-19	3.7046817e-19	3.3368934e-19	3.1204766e-19	2.9443460e-19	2.9437288e-19	2.6592273e-19	2.6586373e-19	2.4691746e-19	2.2342659e-19	2.2333383e-19	1.8779165e-19	1.2337004e-19	1.1456114e-19	1.1455983e-19	1.0826009e-19	2.5304663e-20	2.5304645e-20	2.5304006e-20	1.7672635e-20	5.8032143e-21	5.7742968e-21	5.7742914e-21	5.7742809e-21	1.1925092e-21	
3.3932218e+05	3.6398557e-19	3.6395825e-19	3.2783643e-19	3.0658081e-19	2.8928122e-19	2.8922060e-19	2.6127681e-19	2.6121885e-19	2.4260950e-19	2.1953545e-19	2.1944434e-19	1.8453187e-19	1.2124685e-19	1.1259257e-19	1.1259128e-19	1.0640198e-19	2.4887406e-20	2.4887388e-20	2.4886761e-20	1.7384710e-20	5.7133038e-21	5.6848578e-21	5.6848524e-21	5.6848421e-21	1.1764860e-21	
3.5564803e+05	3.5783138e-19	3.5780453e-19	3.2230403e-19	3.0141348e-19	2.8441031e-19	2.8435073e-19	2.5688575e-19	2.5682879e-19	2.3853800e-19	2.1585808e-19	2.1576852e-19	1.8145143e-19	1.1924089e-19	1.1073277e-19	1.1073150e-19	1.0464658e-19	2.4493548e-20	2.4493530e-20	2.4492914e-20	1.7113004e-20	5.6285353e-21	5.6005340e-21	5.6005288e-21	5.6005186e-21	1.1614050e-21	
3.7275937e+05	3.5201985e-19	3.5199345e-19	3.1707994e-19	2.9653427e-19	2.7981116e-19	2.7975256e-19	2.5273990e-19	2.5268388e-19	2.3469402e-19	2.1238640e-19	2.1229830e-19	1.7854357e-19	1.1734778e-19	1.0897769e-19	1.0897644e-19	1.0299008e-19	2.4122255e-20	2.4122238e-20	2.4121631e-20	1.6856945e-20	5.5487390e-21	5.5211570e-21	5.5211518e-21	5.5211418e-21	1.1472417e-21	
3.9069399e+05	3.4653795e-19	3.4651196e-19	3.1215245e-19	2.9193227e-19	2.7547346e-19	2.7541579e-19	2.4882998e-19	2.4877484e-19	2.3106895e-19	2.0911263e-19	2.0902593e-19	1.7580180e-19	1.1556331e-19	1.0732341e-19	1.0732218e-19	1.0142879e-19	2.3772724e-20	2.3772707e-20	2.3772110e-20	1.6615985e-20	5.4737509e-21	5.4465635e-21	5.4465583e-21	5.4465484e-21	1.1339719e-21	
4.0949151e+05	3.4137311e-19	3.4134752e-19	3.0751029e-19	2.8759695e-19	2.7138731e-19	2.7133051e-19	2.4514706e-19	2.4509275e-19	2.2765452e-19	2.0602933e-19	2.0594393e-19	1.7321988e-19	1.1388344e-19	1.0576620e-19	1.0576499e-19	9.9959183e-20	2.3444181e-20	2.3444164e-20	2.3443575e-20	1.6389592e-20	5.4034121e-21	5.3765954e-21	5.3765903e-21	5.3765805e-21	1.1215719e-21	
4.2919343e+05	3.3651330e-19	3.3648808e-19	3.0314263e-19	2.8351821e-19	2.6754316e-19	2.6748718e-19	2.4168256e-19	2.4162903e-19	2.2444279e-19	2.0312931e-19	2.0304514e-19	1.7079180e-19	1.1230426e-19	1.0430243e-19	1.0430124e-19	9.8577843e-20	2.3135877e-20	2.3135860e-20	2.3135281e-20	1.6177256e-20	5.3375688e-21	5.3110998e-21	5.3110948e-21	5.3110852e-21	1.1100185e-21	
4.4984327e+05	3.3194690e-19	3.3192203e-19	2.9903905e-19	2.7968631e-19	2.6393185e-19	2.6387665e-19	2.3842820e-19	2.3837542e-19	2.2142608e-19	2.0040565e-19	2.0032264e-19	1.6851177e-19	1.1082203e-19	1.0292864e-19	1.0292746e-19	9.7281491e-20	2.2847093e-20	2.2847077e-20	2.2846505e-20	1.5978483e-20	5.2760720e-21	5.2499285e-21	5.2499236e-21	5.2499141e-21	1.0992886e-21	
4.7148664e+05	3.2766275e-19	3.2763820e-19	2.9518951e-19	2.7609187e-19	2.6054456e-19	2.6049008e-19	2.3537605e-19	2.3532396e-19	2.1859703e-19	1.9785170e-19	1.9776977e-19	1.6637423e-19	1.0943312e-19	1.0164146e-19	1.0164030e-19	9.6066966e-20	2.2577133e-20	2.2577117e-20	2.2576552e-20	1.5792794e-20	5.2187773e-21	5.1929380e-21	5.1929331e-21	5.1929237e-21	1.0893597e-21	
4.9417134e+05	3.2365008e-19	3.2362585e-19	2.9158436e-19	2.7272589e-19	2.5737277e-19	2.5731897e-19	2.3251843e-19	2.3246699e-19	2.1594853e-19	1.9546106e-19	1.9538014e-19	1.6437381e-19	1.0813406e-19	1.0043768e-19	1.0043653e-19	9.4931221e-20	2.2325325e-20	2.2325308e-20	2.2324750e-20	1.5619728e-20	5.1655449e-21	5.1399890e-21	5.1399842e-21	5.1399748e-21	1.0802097e-21	
5.1794747e+05	3.1989854e-19	3.1987459e-19	2.8821427e-19	2.6957966e-19	2.5440829e-19	2.5435513e-19	2.2984797e-19	2.2979713e-19	2.1347375e-19	1.9322753e-19	1.9314757e-19	1.6250535e-19	1.0692148e-19	9.9314179e-20	9.9313045e-20	9.3871319e-20	2.2091019e-20	2.2091003e-20	2.2090451e-20	1.5458841e-20	5.1162389e-21	5.0909466e-21	5.0909418e-21	5.0909325e-21	1.0718168e-21	
5.4286754e+05	3.1639814e-19	3.1637447e-19	2.8507028e-19	2.6664482e-19	2.5164323e-19	2.5159066e-19	2.2735754e-19	2.2730727e-19	2.1116609e-19	1.9114517e-19	1.9106610e-19	1.6076385e-19	1.0579215e-19	9.8267953e-20	9.8266831e-20	9.2884426e-20	2.1873588e-20	2.1873572e-20	2.1873027e-20	1.5309701e-20	5.0707278e-21	5.0456798e-21	5.0456751e-21	5.0456659e-21	1.0641596e-21	
5.6898660e+05	3.1313926e-19	3.1311583e-19	2.8214374e-19	2.6391327e-19	2.4906997e-19	2.4901796e-19	2.2504029e-19	2.2499055e-19	2.0901918e-19	1.8920823e-19	1.8912998e-19	1.5914450e-19	1.0474293e-19	9.7296106e-20	9.7294996e-20	9.1967809e-20	2.1672427e-20	2.1672411e-20	2.1671871e-20	1.5171891e-20	5.0288839e-21	5.0040617e-21	5.0040570e-21	5.0040479e-21	1.0572171e-21	
5.9636233e+05	3.1011260e-19	3.1008941e-19	2.7942629e-19	2.6137722e-19	2.4668117e-19	2.4662967e-19	2.2288959e-19	2.2284034e-19	2.0702689e-19	1.8741117e-19	1.8733369e-19	1.5764267e-19	1.0377082e-19	9.6395840e-20	9.6394740e-20	9.1118825e-20	2.1486947e-20	2.1486932e-20	2.1486397e-20	1.5045008e-20	4.9905831e-21	4.9659688e-21	4.9659642e-21	4.9659552e-21	1.0509688e-21	
6.2505519e+05	3.0730920e-19	3.0728623e-19	2.7690989e-19	2.5902915e-19	2.4446973e-19	2.4441871e-19	2.2089905e-19	2.2085026e-19	2.0518329e-19	1.8574863e-19	1.8567187e-19	1.5625387e-19	1.0287289e-19	9.5564453e-20	9.5563363e-20	9.0334927e-20	2.1316582e-20	2.1316566e-20	2.1316036e-20	1.4928659e-20	4.9557051e-21	4.9312814e-21	4.9312768e-21	4.9312679e-21	1.0453942e-21	
6.5512856e+05	3.0472041e-19	3.0469764e-19	2.7458674e-19	2.5686180e-19	2.4242880e-19	2.4237823e-19	2.1906249e-19	2.1901412e-19	2.0348266e-19	1.8421545e-19	1.8413935e-19	1.5497378e-19	1.0204632e-19	9.4799333e-20	9.4798252e-20	8.9613647e-20	2.1160781e-20	2.1160765e-20	2.1160239e-20	1.4822468e-20	4.9241327e-21	4.8998830e-21	4.8998784e-21	4.8998696e-21	1.0404736e-21	
6.8664885e+05	3.0233787e-19	3.0231528e-19	2.7244935e-19	2.5486814e-19	2.4055177e-19	2.4050160e-19	2.1737396e-19	2.1732598e-19	2.0191947e-19	1.8280664e-19	1.8273115e-19	1.5379821e-19	1.0128841e-19	9.4097955e-20	9.4096883e-20	8.8952605e-20	2.1019011e-20	2.1018995e-20	2.1018473e-20	1.4726065e-20	4.8957521e-21	4.8716605e-21	4.8716559e-21	4.8716471e-21	1.0361872e-21	
7.1968567e+05	3.0015350e-19	3.0013108e-19	2.7049044e-19	2.5304140e-19	2.3883224e-19	2.3878245e-19	2.1582769e-19	2.1578007e-19	2.0048837e-19	1.8151736e-19	1.8144243e-19	1.5272312e-19	1.0059650e-19	9.3457879e-20	9.3456814e-20	8.8349494e-20	2.0890756e-20	2.0890740e-20	2.0890222e-20	1.4639096e-20	4.8704528e-21	4.8465038e-21	4.8464992e-21	4.8464905e-21	1.0325159e-21	
7.5431201e+05	2.9815949e-19	2.9813723e-19	2.6870300e-19	2.5137502e-19	2.3726404e-19	2.3721460e-19	2.1441810e-19	2.1437081e-19	1.9918419e-19	1.8034295e-19	1.8026853e-19	1.5174459e-19	9.9968064e-20	9.2876741e-20	9.2875683e-20	8.7802084e-20	2.0775515e-20	2.0775500e-20	2.0774985e-20	1.4561215e-20	4.8481270e-21	4.8243057e-21	4.8243011e-21	4.8242924e-21	1.0294408e-21	
7.9060432e+05	2.9634830e-19	2.9632618e-19	2.6708024e-19	2.4986265e-19	2.3584119e-19	2.3579205e-19	2.1313981e-19	2.1309282e-19	1.9800195e-19	1.7927889e-19	1.7920493e-19	1.5085885e-19	9.9400621e-20	9.2352253e-20	9.2351202e-20	8.7308217e-20	2.0672803e-20	2.0672788e-20	2.0672276e-20	1.4492086e-20	4.8286699e-21	4.8049621e-21	4.8049575e-21	4.8049489e-21	1.0269434e-21	
8.2864277e+05	2.9471261e-19	2.9469062e-19	2.6561559e-19	2.4849817e-19	2.3455789e-19	2.3450904e-19	2.1198760e-19	2.1194088e-19	1.9693679e-19	1.7832081e-19	1.7824728e-19	1.5006223e-19	9.8891787e-20	9.1882203e-20	9.1881158e-20	8.6865802e-20	2.0582150e-20	2.0582135e-20	2.0581625e-20	1.4431385e-20	4.8119797e-21	4.7883714e-21	4.7883669e-21	4.7883583e-21	1.0250052e-21	
8.6851137e+05	2.9324537e-19	2.9322350e-19	2.6430270e-19	2.4727563e-19	2.3340856e-19	2.3335997e-19	2.1095643e-19	2.1090995e-19	1.9598404e-19	1.7746449e-19	1.7739133e-19	1.4935118e-19	9.8439251e-20	9.1464446e-20	9.1463406e-20	8.6472815e-20	2.0503097e-20	2.0503082e-20	2.0502574e-20	1.4378794e-20	4.7979570e-21	4.7744350e-21	4.7744305e-21	4.7744220e-21	1.0236085e-21	
9.1029818e+05	2.9193975e-19	2.9191798e-19	2.6313542e-19	2.4618929e-19	2.3238778e-19	2.3233942e-19	2.1004141e-19	2.0999514e-19	1.9513918e-19	1.7670582e-19	1.7663301e-19	1.4872227e-19	9.8040773e-20	9.1096904e-20	9.1095869e-20	8.6127294e-20	2.0435200e-20	2.0435186e-20	2.0434681e-20	1.4334008e-20	4.7865050e-21	4.7630566e-21	4.7630521e-21	4.7630436e-21	1.0227355e-21	
9.5409548e+05	2.9078911e-19	2.9076743e-19	2.6210780e-19	2.4523360e-19	2.3149031e-19	2.3144215e-19	2.0923780e-19	2.0919173e-19	1.9439780e-19	1.7604085e-19	1.7596833e-19	1.4817218e-19	9.7694183e-20	9.0777565e-20	9.0776533e-20	8.5827339e-20	2.0378030e-20	2.0378016e-20	2.0377512e-20	1.4296728e-20	4.7775295e-21	4.7541424e-21	4.7541379e-21	4.7541294e-21	1.0223691e-21	
1.0000000e+06	2.8978705e-19	2.8976546e-19	2.6121408e-19	2.4440316e-19	2.3071106e-19	2.3066308e-19	2.0854103e-19	2.0849513e-19	1.9375567e-19	1.7546573e-19	1.7539348e-19	1.4769769e-19	9.7397378e-20	9.0504477e-20	9.0503449e-20	8.5571108e-20	2.0331168e-20	2.0331153e-20	2.0330652e-20	1.4266665e-20	4.7709387e-21	4.7476011e-21	4.7475967e-21	4.7475881e-21	1.0224921e-21	
