1.0000000e+01	4.2886938e-14
1.0481000e+01	4.0724211e-14
1.0985000e+01	3.8679451e-14
1.1514000e+01	3.6738646e-14
1.2068000e+01	3.4895958e-14
1.2649000e+01	3.3139998e-14
1.3257000e+01	3.1468241e-14
1.3895000e+01	2.9873016e-14
1.4564000e+01	2.8355964e-14
1.5264000e+01	2.6923062e-14
1.5999000e+01	2.5573961e-14
1.6768000e+01	2.4318428e-14
1.7575000e+01	2.3156524e-14
1.8421000e+01	2.2091603e-14
1.9307000e+01	2.1124033e-14
2.0236000e+01	2.0249783e-14
2.1209000e+01	1.9465246e-14
2.2230000e+01	1.8763369e-14
2.3299000e+01	1.8139212e-14
2.4420000e+01	1.7583819e-14
2.5596000e+01	1.7086802e-14
2.6827000e+01	1.6635329e-14
2.8118000e+01	1.6210551e-14
2.9471000e+01	1.5791736e-14
3.0888000e+01	1.5357771e-14
3.2375000e+01	1.4890075e-14
3.3932000e+01	1.4379923e-14
3.5565000e+01	1.3827371e-14
3.7276000e+01	1.3244278e-14
3.9069000e+01	1.2648894e-14
4.0949000e+01	1.2060717e-14
4.2919000e+01	1.1496034e-14
4.4984000e+01	1.0963571e-14
4.7149000e+01	1.0465401e-14
4.9417000e+01	1.0000109e-14
5.1795000e+01	9.5648967e-15
5.4287000e+01	9.1590822e-15
5.6899000e+01	8.7830188e-15
5.9636000e+01	8.4371831e-15
6.2506000e+01	8.1202686e-15
6.5513000e+01	7.8295766e-15
6.8665000e+01	7.5606032e-15
7.1969000e+01	7.3084226e-15
7.5431000e+01	7.0682543e-15
7.9060000e+01	6.8356092e-15
8.2864000e+01	6.6070797e-15
8.6851000e+01	6.3809620e-15
9.1030000e+01	6.1577195e-15
9.5410000e+01	5.9399335e-15
1.0000000e+02	5.7310751e-15
1.0481100e+02	5.5332977e-15
1.0985400e+02	5.3458041e-15
1.1514000e+02	5.1650424e-15
1.2067900e+02	4.9872714e-15
1.2648600e+02	4.8112219e-15
1.3257100e+02	4.6389244e-15
1.3895000e+02	4.4731486e-15
1.4563500e+02	4.3151732e-15
1.5264200e+02	4.1641566e-15
1.5998600e+02	4.0188541e-15
1.6768300e+02	3.8791310e-15
1.7575100e+02	3.7458157e-15
1.8420700e+02	3.6192440e-15
1.9307000e+02	3.4981462e-15
2.0235900e+02	3.3806493e-15
2.1209500e+02	3.2660174e-15
2.2230000e+02	3.1546562e-15
2.3299500e+02	3.0468541e-15
2.4420500e+02	2.9424466e-15
2.5595500e+02	2.8411709e-15
2.6827000e+02	2.7429485e-15
2.8117700e+02	2.6480249e-15
2.9470500e+02	2.5564353e-15
3.0888400e+02	2.4679263e-15
3.2374600e+02	2.3823292e-15
3.3932200e+02	2.2993959e-15
3.5564800e+02	2.2189357e-15
3.7275900e+02	2.1409361e-15
3.9069400e+02	2.0652427e-15
4.0949200e+02	1.9917652e-15
4.2919300e+02	1.9204886e-15
4.4984300e+02	1.8514070e-15
4.7148700e+02	1.7844580e-15
4.9417100e+02	1.7196875e-15
5.1794700e+02	1.6570614e-15
5.4286800e+02	1.5963216e-15
5.6898700e+02	1.5373916e-15
5.9636200e+02	1.4802732e-15
6.2505500e+02	1.4249343e-15
6.5512900e+02	1.3713989e-15
6.8664900e+02	1.3195850e-15
7.1968600e+02	1.2694216e-15
7.5431200e+02	1.2209249e-15
7.9060400e+02	1.1740250e-15
8.2864300e+02	1.1286223e-15
8.6851100e+02	1.0847203e-15
9.1029800e+02	1.0422995e-15
9.5409500e+02	1.0013424e-15
1.0000000e+03	9.6179606e-16
1.0481100e+03	9.2360526e-16
1.0985400e+03	8.8674555e-16
1.1514000e+03	8.5117211e-16
1.2067900e+03	8.1687167e-16
1.2648600e+03	7.8379532e-16
1.3257100e+03	7.5193593e-16
1.3895000e+03	7.2122304e-16
1.4563500e+03	6.9164187e-16
1.5264200e+03	6.6315736e-16
1.5998600e+03	6.3573946e-16
1.6768300e+03	6.0935595e-16
1.7575100e+03	5.8397047e-16
1.8420700e+03	5.5955311e-16
1.9307000e+03	5.3607458e-16
2.0235900e+03	5.1350838e-16
2.1209500e+03	4.9182178e-16
2.2230000e+03	4.7098858e-16
2.3299500e+03	4.5098483e-16
2.4420500e+03	4.3177901e-16
2.5595500e+03	4.1334142e-16
2.6827000e+03	3.9564611e-16
2.8117700e+03	3.7866941e-16
2.9470500e+03	3.6238424e-16
3.0888400e+03	3.4676784e-16
3.2374600e+03	3.3179553e-16
3.3932200e+03	3.1744487e-16
3.5564800e+03	3.0369059e-16
3.7275900e+03	2.9051336e-16
3.9069400e+03	2.7789160e-16
4.0949200e+03	2.6580270e-16
4.2919300e+03	2.5422429e-16
4.4984300e+03	2.4313468e-16
4.7148700e+03	2.3251480e-16
4.9417100e+03	2.2234802e-16
5.1794700e+03	2.1261642e-16
5.4286800e+03	2.0330247e-16
5.6898700e+03	1.9439082e-16
5.9636200e+03	1.8586567e-16
6.2505500e+03	1.7771083e-16
6.5512900e+03	1.6991030e-16
6.8664900e+03	1.6244982e-16
7.1968600e+03	1.5531484e-16
7.5431200e+03	1.4849227e-16
7.9060400e+03	1.4196964e-16
8.2864300e+03	1.3573400e-16
8.6851100e+03	1.2977360e-16
9.1029800e+03	1.2407626e-16
9.5409500e+03	1.1863110e-16
1.0000000e+04	1.1342673e-16
1.0481100e+04	1.0845376e-16
1.0985400e+04	1.0370153e-16
1.1514000e+04	9.9159984e-17
1.2067900e+04	9.4821362e-17
1.2648600e+04	9.0675064e-17
1.3257100e+04	8.6714870e-17
1.3895000e+04	8.2931895e-17
1.4563500e+04	7.9319154e-17
1.5264200e+04	7.5868153e-17
1.5998600e+04	7.2571851e-17
1.6768300e+04	6.9423456e-17
1.7575100e+04	6.6416294e-17
1.8420700e+04	6.3545049e-17
1.9307000e+04	6.0803628e-17
2.0235900e+04	5.8186275e-17
2.1209500e+04	5.5686794e-17
2.2230000e+04	5.3300063e-17
2.3299500e+04	5.1022198e-17
2.4420500e+04	4.8847856e-17
2.5595500e+04	4.6771960e-17
2.6827000e+04	4.4790181e-17
2.8117700e+04	4.2898462e-17
2.9470500e+04	4.1092862e-17
3.0888400e+04	3.9369556e-17
3.2374600e+04	3.7724625e-17
3.3932200e+04	3.6154477e-17
3.5564800e+04	3.4655901e-17
3.7275900e+04	3.3225766e-17
3.9069400e+04	3.1860770e-17
4.0949200e+04	3.0558083e-17
4.2919300e+04	2.9314832e-17
4.4984300e+04	2.8128200e-17
4.7148700e+04	2.6995785e-17
4.9417100e+04	2.5915089e-17
5.1794700e+04	2.4883724e-17
5.4286800e+04	2.3899428e-17
5.6898700e+04	2.2960250e-17
5.9636200e+04	2.2063980e-17
6.2505500e+04	2.1208852e-17
6.5512900e+04	2.0392964e-17
6.8664900e+04	1.9614477e-17
7.1968600e+04	1.8871765e-17
7.5431200e+04	1.8163252e-17
7.9060400e+04	1.7487430e-17
8.2864300e+04	1.6842933e-17
8.6851100e+04	1.6228237e-17
9.1029800e+04	1.5642217e-17
9.5409500e+04	1.5083630e-17
1.0000000e+05	1.4551157e-17
1.0481100e+05	1.4043854e-17
1.0985400e+05	1.3560457e-17
1.1514000e+05	1.3099978e-17
1.2067900e+05	1.2661389e-17
1.2648600e+05	1.2243397e-17
1.3257100e+05	1.1845082e-17
1.3895000e+05	1.1465231e-17
1.4563500e+05	1.1102879e-17
1.5264200e+05	1.0757090e-17
1.5998600e+05	1.0426978e-17
1.6768300e+05	1.0111937e-17
1.7575100e+05	9.8113937e-18
1.8420700e+05	9.5249274e-18
1.9307000e+05	9.2521701e-18
2.0235900e+05	8.9926867e-18
2.1209500e+05	8.7458157e-18
2.2230000e+05	8.5109207e-18
2.3299500e+05	8.2872709e-18
2.4420500e+05	8.0743162e-18
2.5595500e+05	7.8718039e-18
2.6827000e+05	7.6798182e-18
2.8117700e+05	7.4984532e-18
2.9470500e+05	7.3275775e-18
3.0888400e+05	7.1663384e-18
3.2374600e+05	7.0133186e-18
3.3932200e+05	6.8669543e-18
3.5564800e+05	6.7262512e-18
3.7275900e+05	6.5912819e-18
3.9069400e+05	6.4628295e-18
4.0949200e+05	6.3415423e-18
4.2919300e+05	6.2272723e-18
4.4984300e+05	6.1189948e-18
4.7148700e+05	6.0159276e-18
4.9417100e+05	5.9177827e-18
5.1794700e+05	5.8248433e-18
5.4286800e+05	5.7375054e-18
5.6898700e+05	5.6555307e-18
5.9636200e+05	5.5782582e-18
6.2505500e+05	5.5047597e-18
6.5512900e+05	5.4356780e-18
6.8664900e+05	5.3700374e-18
7.1968600e+05	5.3078806e-18
7.5431200e+05	5.2475801e-18
7.9060400e+05	5.1922175e-18
8.2864300e+05	5.1405694e-18
8.6851100e+05	5.0918225e-18
9.1029800e+05	5.0433866e-18
9.5409500e+05	4.9979317e-18
1.0000000e+06	4.9578012e-18
