8.0000e-06 0.0000e+00 0.0000e+00 0.0000e+00 0.0000e+00 0.0000e+00 0.0000e+00
8.5975e-06 7.6273e-18 0.0000e+00 0.0000e+00 0.0000e+00 0.0000e+00 0.0000e+00
9.2396e-06 2.0898e-17 0.0000e+00 0.0000e+00 0.0000e+00 0.0000e+00 0.0000e+00
9.9297e-06 3.7136e-17 0.0000e+00 0.0000e+00 0.0000e+00 0.0000e+00 0.0000e+00
1.0671e-05 5.5275e-17 0.0000e+00 0.0000e+00 0.0000e+00 0.0000e+00 0.0000e+00
1.1468e-05 7.3329e-17 0.0000e+00 0.0000e+00 0.0000e+00 0.0000e+00 0.0000e+00
1.2325e-05 8.9138e-17 6.9191e-17 0.0000e+00 0.0000e+00 0.0000e+00 0.0000e+00
1.3245e-05 1.0421e-16 4.8835e-16 0.0000e+00 0.0000e+00 0.0000e+00 0.0000e+00
1.4235e-05 1.1905e-16 1.0874e-15 0.0000e+00 0.0000e+00 0.0000e+00 0.0000e+00
1.5298e-05 1.3412e-16 1.8080e-15 6.2668e-18 0.0000e+00 0.0000e+00 0.0000e+00
1.6440e-05 1.4969e-16 2.6309e-15 5.9720e-17 0.0000e+00 0.0000e+00 0.0000e+00
1.7668e-05 1.6680e-16 3.5068e-15 1.3998e-16 0.0000e+00 0.0000e+00 0.0000e+00
1.8988e-05 1.8609e-16 4.4439e-15 2.3609e-16 0.0000e+00 0.0000e+00 0.0000e+00
2.0406e-05 2.1099e-16 5.4337e-15 3.4436e-16 0.0000e+00 0.0000e+00 0.0000e+00
2.1930e-05 2.4802e-16 6.4751e-15 4.5902e-16 0.0000e+00 0.0000e+00 0.0000e+00
2.3568e-05 3.0445e-16 7.5277e-15 5.8426e-16 0.0000e+00 0.0000e+00 0.0000e+00
2.5328e-05 3.5948e-16 8.5294e-15 7.1427e-16 0.0000e+00 0.0000e+00 0.0000e+00
2.7220e-05 3.9647e-16 9.4104e-15 8.4963e-16 0.0000e+00 0.0000e+00 0.0000e+00
2.9253e-05 4.2220e-16 1.0231e-14 9.9193e-16 0.0000e+00 0.0000e+00 0.0000e+00
3.1437e-05 4.3769e-16 1.1083e-14 1.1321e-15 0.0000e+00 0.0000e+00 0.0000e+00
3.3785e-05 4.4676e-16 1.1852e-14 1.2798e-15 0.0000e+00 0.0000e+00 0.0000e+00
3.6309e-05 4.5028e-16 1.2655e-14 1.4261e-15 0.0000e+00 0.0000e+00 0.0000e+00
3.9020e-05 4.4947e-16 1.3440e-14 1.5778e-15 0.0000e+00 0.0000e+00 0.0000e+00
4.1935e-05 4.4573e-16 1.4206e-14 1.7256e-15 0.0000e+00 0.0000e+00 0.0000e+00
4.5067e-05 4.3885e-16 1.4975e-14 1.8767e-15 0.0000e+00 0.0000e+00 0.0000e+00
4.8433e-05 4.3027e-16 1.5689e-14 2.0258e-15 0.0000e+00 0.0000e+00 0.0000e+00
5.2050e-05 4.2004e-16 1.6347e-14 2.1671e-15 0.0000e+00 0.0000e+00 0.0000e+00
5.5937e-05 4.0857e-16 1.6910e-14 2.2858e-15 0.0000e+00 0.0000e+00 0.0000e+00
6.0115e-05 3.9617e-16 1.7405e-14 2.3915e-15 0.0000e+00 0.0000e+00 0.0000e+00
6.4605e-05 3.8290e-16 1.7775e-14 2.4868e-15 0.0000e+00 0.0000e+00 0.0000e+00
6.9430e-05 3.6942e-16 1.8029e-14 2.5779e-15 0.0000e+00 0.0000e+00 0.0000e+00
7.4616e-05 3.5568e-16 1.8152e-14 2.6590e-15 0.0000e+00 0.0000e+00 0.0000e+00
8.0188e-05 3.4183e-16 1.8154e-14 2.7333e-15 0.0000e+00 0.0000e+00 0.0000e+00
8.6177e-05 3.2797e-16 1.8053e-14 2.8096e-15 0.0000e+00 0.0000e+00 0.0000e+00
9.2614e-05 3.1421e-16 1.7850e-14 2.8679e-15 0.0000e+00 0.0000e+00 0.0000e+00
9.9531e-05 3.0063e-16 1.7567e-14 2.9277e-15 0.0000e+00 0.0000e+00 0.0000e+00
1.0696e-04 2.8730e-16 1.7216e-14 2.9760e-15 0.0000e+00 0.0000e+00 0.0000e+00
1.1495e-04 2.7425e-16 1.6831e-14 3.0084e-15 0.0000e+00 0.0000e+00 0.0000e+00
1.2354e-04 2.6154e-16 1.6379e-14 3.0365e-15 6.9868e-18 0.0000e+00 0.0000e+00
1.3277e-04 2.4918e-16 1.5887e-14 3.0513e-15 1.8330e-17 0.0000e+00 0.0000e+00
1.4268e-04 2.3716e-16 1.5375e-14 3.0527e-15 3.0597e-17 0.0000e+00 0.0000e+00
1.5334e-04 2.2560e-16 1.4860e-14 3.0449e-15 4.2669e-17 0.0000e+00 0.0000e+00
1.6479e-04 2.1445e-16 1.4332e-14 3.0270e-15 5.6744e-17 0.0000e+00 0.0000e+00
1.7710e-04 2.0371e-16 1.3767e-14 2.9935e-15 7.1400e-17 0.0000e+00 0.0000e+00
1.9032e-04 1.9336e-16 1.3232e-14 2.9518e-15 8.5853e-17 0.0000e+00 0.0000e+00
2.0454e-04 1.8346e-16 1.2680e-14 2.8971e-15 1.0170e-16 0.0000e+00 0.0000e+00
2.1982e-04 1.7395e-16 1.2134e-14 2.8387e-15 1.1679e-16 0.0000e+00 0.0000e+00
2.3623e-04 1.6488e-16 1.1615e-14 2.7721e-15 1.3369e-16 0.0000e+00 0.0000e+00
2.5388e-04 1.5621e-16 1.1085e-14 2.6952e-15 1.4864e-16 0.0000e+00 0.0000e+00
2.7284e-04 1.4791e-16 1.0573e-14 2.6171e-15 1.6504e-16 0.0000e+00 0.0000e+00
2.9321e-04 1.4001e-16 1.0075e-14 2.5326e-15 1.7728e-16 0.0000e+00 0.0000e+00
3.1511e-04 1.3247e-16 9.5930e-15 2.4477e-15 1.9045e-16 0.0000e+00 0.0000e+00
3.3865e-04 1.2529e-16 9.1268e-15 2.3631e-15 2.0275e-16 0.0000e+00 0.0000e+00
3.6394e-04 1.1847e-16 8.6911e-15 2.2727e-15 2.1549e-16 0.0000e+00 0.0000e+00
3.9112e-04 1.1197e-16 8.2441e-15 2.1842e-15 2.2547e-16 0.0000e+00 0.0000e+00
4.2033e-04 1.0580e-16 7.8281e-15 2.0940e-15 2.3319e-16 0.0000e+00 0.0000e+00
4.5173e-04 9.9949e-17 7.4290e-15 2.0082e-15 2.3938e-16 0.0000e+00 0.0000e+00
4.8547e-04 9.4389e-17 7.0467e-15 1.9201e-15 2.4405e-16 0.0000e+00 0.0000e+00
5.2172e-04 8.9114e-17 6.6810e-15 1.8350e-15 2.4503e-16 0.0000e+00 0.0000e+00
5.6069e-04 8.4114e-17 6.3315e-15 1.7524e-15 2.4789e-16 4.0285e-20 0.0000e+00
6.0257e-04 7.9381e-17 5.9978e-15 1.6713e-15 2.4630e-16 1.2886e-19 0.0000e+00
6.4757e-04 7.4893e-17 5.6694e-15 1.5916e-15 2.4450e-16 2.2932e-19 0.0000e+00
6.9594e-04 7.0644e-17 5.3668e-15 1.5152e-15 2.4100e-16 3.5809e-19 0.0000e+00
7.4791e-04 6.6623e-17 5.0786e-15 1.4407e-15 2.3538e-16 4.6883e-19 0.0000e+00
8.0377e-04 6.2818e-17 4.8045e-15 1.3695e-15 2.3121e-16 6.3115e-19 0.0000e+00
8.6380e-04 5.9220e-17 4.5353e-15 1.3023e-15 2.2453e-16 7.8337e-19 0.0000e+00
9.2832e-04 5.5818e-17 4.2877e-15 1.2359e-15 2.1949e-16 9.3918e-19 0.0000e+00
9.9765e-04 5.2603e-17 4.0531e-15 1.1727e-15 2.1191e-16 1.1166e-18 0.0000e+00
1.0722e-03 4.9565e-17 3.8230e-15 1.1109e-15 2.0500e-16 1.2972e-18 0.0000e+00
1.1522e-03 4.6696e-17 3.6122e-15 1.0527e-15 1.9770e-16 1.4900e-18 0.0000e+00
1.2383e-03 4.3986e-17 3.4055e-15 9.9742e-16 1.9046e-16 1.6950e-18 4.8735e-22
1.3308e-03 4.1428e-17 3.2165e-15 9.4439e-16 1.8164e-16 1.9117e-18 2.6537e-21
1.4302e-03 3.9013e-17 3.0309e-15 8.9405e-16 1.7472e-16 2.1664e-18 5.2846e-21
1.5370e-03 3.6734e-17 2.8618e-15 8.4608e-16 1.6798e-16 2.4047e-18 9.0239e-21
1.6518e-03 3.4585e-17 2.7017e-15 8.0028e-16 1.6006e-16 2.6415e-18 1.2760e-20
1.7751e-03 3.2557e-17 2.5447e-15 7.5602e-16 1.5229e-16 2.8813e-18 1.7583e-20
1.9077e-03 3.0646e-17 2.4015e-15 7.1479e-16 1.4629e-16 3.1184e-18 2.2165e-20
2.0502e-03 2.8843e-17 2.2613e-15 6.7554e-16 1.3924e-16 3.3454e-18 2.7088e-20
2.2033e-03 2.7144e-17 2.1289e-15 6.3838e-16 1.3241e-16 3.5539e-18 3.1556e-20
2.3679e-03 2.5543e-17 2.0086e-15 6.0242e-16 1.2591e-16 3.7359e-18 3.6511e-20
2.5447e-03 2.4034e-17 1.8905e-15 5.6896e-16 1.1980e-16 3.8464e-18 4.1385e-20
2.7348e-03 2.2613e-17 1.7834e-15 5.3732e-16 1.1393e-16 3.9816e-18 4.5834e-20
2.9391e-03 2.1273e-17 1.6782e-15 5.0669e-16 1.0726e-16 4.0192e-18 4.9932e-20
3.1586e-03 2.0013e-17 1.5828e-15 4.7835e-16 1.0203e-16 4.0419e-18 5.4533e-20
3.3945e-03 1.8825e-17 1.4892e-15 4.5151e-16 9.7083e-17 4.0560e-18 5.9232e-20
3.6480e-03 1.7707e-17 1.4010e-15 4.2558e-16 9.1401e-17 4.0223e-18 6.3428e-20
3.9204e-03 1.6655e-17 1.3212e-15 4.0160e-16 8.7021e-17 3.9671e-18 6.8908e-20
4.2132e-03 1.5665e-17 1.2428e-15 3.7843e-16 8.1949e-17 3.8952e-18 7.3880e-20
4.5279e-03 1.4733e-17 1.1719e-15 3.5703e-16 7.8081e-17 3.7640e-18 7.8142e-20
4.8661e-03 1.3856e-17 1.1023e-15 3.3679e-16 7.3563e-17 3.6722e-18 8.3254e-20
5.2295e-03 1.3031e-17 1.0367e-15 3.1729e-16 6.9299e-17 3.5738e-18 8.8579e-20
5.6201e-03 1.2255e-17 9.7759e-16 2.9926e-16 6.6118e-17 3.4356e-18 9.4049e-20
6.0399e-03 1.1525e-17 9.1942e-16 2.8189e-16 6.2347e-17 3.3318e-18 9.9738e-20
6.4910e-03 1.0839e-17 8.6468e-16 2.6584e-16 5.8795e-17 3.1926e-18 1.0567e-19
6.9757e-03 1.0193e-17 8.1539e-16 2.5039e-16 5.5475e-17 3.0554e-18 1.1185e-19
7.4967e-03 9.5867e-18 7.6686e-16 2.3613e-16 5.2352e-17 2.9546e-18 1.1831e-19
8.0566e-03 9.0163e-18 7.2123e-16 2.2238e-16 4.9432e-17 2.8234e-18 1.2503e-19
8.6584e-03 8.4802e-18 6.8020e-16 2.0972e-16 4.6688e-17 2.6990e-18 1.3197e-19
9.3050e-03 7.9763e-18 6.3978e-16 1.9751e-16 4.4117e-17 2.5764e-18 1.3928e-19
1.0000e-02 7.5028e-18 6.0177e-16 1.8627e-16 4.1712e-17 2.4587e-18 1.4629e-19
